30000 5000
30000 5000
5000
1 15000 1
2 15000 2
3 15000 3
4 15000 4
5 15000 5
6 15000 6
7 15000 7
8 15000 8
9 15000 9
10 15000 10
11 15000 11
12 15000 12
13 15000 13
14 15000 14
15 15000 15
16 15000 16
17 15000 17
18 15000 18
19 15000 19
20 15000 20
21 15000 21
22 15000 22
23 15000 23
24 15000 24
25 15000 25
26 15000 26
27 15000 27
28 15000 28
29 15000 29
30 15000 30
31 15000 31
32 15000 32
33 15000 33
34 15000 34
35 15000 35
36 15000 36
37 15000 37
38 15000 38
39 15000 39
40 15000 40
41 15000 41
42 15000 42
43 15000 43
44 15000 44
45 15000 45
46 15000 46
47 15000 47
48 15000 48
49 15000 49
50 15000 50
51 15000 51
52 15000 52
53 15000 53
54 15000 54
55 15000 55
56 15000 56
57 15000 57
58 15000 58
59 15000 59
60 15000 60
61 15000 61
62 15000 62
63 15000 63
64 15000 64
65 15000 65
66 15000 66
67 15000 67
68 15000 68
69 15000 69
70 15000 70
71 15000 71
72 15000 72
73 15000 73
74 15000 74
75 15000 75
76 15000 76
77 15000 77
78 15000 78
79 15000 79
80 15000 80
81 15000 81
82 15000 82
83 15000 83
84 15000 84
85 15000 85
86 15000 86
87 15000 87
88 15000 88
89 15000 89
90 15000 90
91 15000 91
92 15000 92
93 15000 93
94 15000 94
95 15000 95
96 15000 96
97 15000 97
98 15000 98
99 15000 99
100 15000 100
101 15000 101
102 15000 102
103 15000 103
104 15000 104
105 15000 105
106 15000 106
107 15000 107
108 15000 108
109 15000 109
110 15000 110
111 15000 111
112 15000 112
113 15000 113
114 15000 114
115 15000 115
116 15000 116
117 15000 117
118 15000 118
119 15000 119
120 15000 120
121 15000 121
122 15000 122
123 15000 123
124 15000 124
125 15000 125
126 15000 126
127 15000 127
128 15000 128
129 15000 129
130 15000 130
131 15000 131
132 15000 132
133 15000 133
134 15000 134
135 15000 135
136 15000 136
137 15000 137
138 15000 138
139 15000 139
140 15000 140
141 15000 141
142 15000 142
143 15000 143
144 15000 144
145 15000 145
146 15000 146
147 15000 147
148 15000 148
149 15000 149
150 15000 150
151 15000 151
152 15000 152
153 15000 153
154 15000 154
155 15000 155
156 15000 156
157 15000 157
158 15000 158
159 15000 159
160 15000 160
161 15000 161
162 15000 162
163 15000 163
164 15000 164
165 15000 165
166 15000 166
167 15000 167
168 15000 168
169 15000 169
170 15000 170
171 15000 171
172 15000 172
173 15000 173
174 15000 174
175 15000 175
176 15000 176
177 15000 177
178 15000 178
179 15000 179
180 15000 180
181 15000 181
182 15000 182
183 15000 183
184 15000 184
185 15000 185
186 15000 186
187 15000 187
188 15000 188
189 15000 189
190 15000 190
191 15000 191
192 15000 192
193 15000 193
194 15000 194
195 15000 195
196 15000 196
197 15000 197
198 15000 198
199 15000 199
200 15000 200
201 15000 201
202 15000 202
203 15000 203
204 15000 204
205 15000 205
206 15000 206
207 15000 207
208 15000 208
209 15000 209
210 15000 210
211 15000 211
212 15000 212
213 15000 213
214 15000 214
215 15000 215
216 15000 216
217 15000 217
218 15000 218
219 15000 219
220 15000 220
221 15000 221
222 15000 222
223 15000 223
224 15000 224
225 15000 225
226 15000 226
227 15000 227
228 15000 228
229 15000 229
230 15000 230
231 15000 231
232 15000 232
233 15000 233
234 15000 234
235 15000 235
236 15000 236
237 15000 237
238 15000 238
239 15000 239
240 15000 240
241 15000 241
242 15000 242
243 15000 243
244 15000 244
245 15000 245
246 15000 246
247 15000 247
248 15000 248
249 15000 249
250 15000 250
251 15000 251
252 15000 252
253 15000 253
254 15000 254
255 15000 255
256 15000 256
257 15000 257
258 15000 258
259 15000 259
260 15000 260
261 15000 261
262 15000 262
263 15000 263
264 15000 264
265 15000 265
266 15000 266
267 15000 267
268 15000 268
269 15000 269
270 15000 270
271 15000 271
272 15000 272
273 15000 273
274 15000 274
275 15000 275
276 15000 276
277 15000 277
278 15000 278
279 15000 279
280 15000 280
281 15000 281
282 15000 282
283 15000 283
284 15000 284
285 15000 285
286 15000 286
287 15000 287
288 15000 288
289 15000 289
290 15000 290
291 15000 291
292 15000 292
293 15000 293
294 15000 294
295 15000 295
296 15000 296
297 15000 297
298 15000 298
299 15000 299
300 15000 300
301 15000 301
302 15000 302
303 15000 303
304 15000 304
305 15000 305
306 15000 306
307 15000 307
308 15000 308
309 15000 309
310 15000 310
311 15000 311
312 15000 312
313 15000 313
314 15000 314
315 15000 315
316 15000 316
317 15000 317
318 15000 318
319 15000 319
320 15000 320
321 15000 321
322 15000 322
323 15000 323
324 15000 324
325 15000 325
326 15000 326
327 15000 327
328 15000 328
329 15000 329
330 15000 330
331 15000 331
332 15000 332
333 15000 333
334 15000 334
335 15000 335
336 15000 336
337 15000 337
338 15000 338
339 15000 339
340 15000 340
341 15000 341
342 15000 342
343 15000 343
344 15000 344
345 15000 345
346 15000 346
347 15000 347
348 15000 348
349 15000 349
350 15000 350
351 15000 351
352 15000 352
353 15000 353
354 15000 354
355 15000 355
356 15000 356
357 15000 357
358 15000 358
359 15000 359
360 15000 360
361 15000 361
362 15000 362
363 15000 363
364 15000 364
365 15000 365
366 15000 366
367 15000 367
368 15000 368
369 15000 369
370 15000 370
371 15000 371
372 15000 372
373 15000 373
374 15000 374
375 15000 375
376 15000 376
377 15000 377
378 15000 378
379 15000 379
380 15000 380
381 15000 381
382 15000 382
383 15000 383
384 15000 384
385 15000 385
386 15000 386
387 15000 387
388 15000 388
389 15000 389
390 15000 390
391 15000 391
392 15000 392
393 15000 393
394 15000 394
395 15000 395
396 15000 396
397 15000 397
398 15000 398
399 15000 399
400 15000 400
401 15000 401
402 15000 402
403 15000 403
404 15000 404
405 15000 405
406 15000 406
407 15000 407
408 15000 408
409 15000 409
410 15000 410
411 15000 411
412 15000 412
413 15000 413
414 15000 414
415 15000 415
416 15000 416
417 15000 417
418 15000 418
419 15000 419
420 15000 420
421 15000 421
422 15000 422
423 15000 423
424 15000 424
425 15000 425
426 15000 426
427 15000 427
428 15000 428
429 15000 429
430 15000 430
431 15000 431
432 15000 432
433 15000 433
434 15000 434
435 15000 435
436 15000 436
437 15000 437
438 15000 438
439 15000 439
440 15000 440
441 15000 441
442 15000 442
443 15000 443
444 15000 444
445 15000 445
446 15000 446
447 15000 447
448 15000 448
449 15000 449
450 15000 450
451 15000 451
452 15000 452
453 15000 453
454 15000 454
455 15000 455
456 15000 456
457 15000 457
458 15000 458
459 15000 459
460 15000 460
461 15000 461
462 15000 462
463 15000 463
464 15000 464
465 15000 465
466 15000 466
467 15000 467
468 15000 468
469 15000 469
470 15000 470
471 15000 471
472 15000 472
473 15000 473
474 15000 474
475 15000 475
476 15000 476
477 15000 477
478 15000 478
479 15000 479
480 15000 480
481 15000 481
482 15000 482
483 15000 483
484 15000 484
485 15000 485
486 15000 486
487 15000 487
488 15000 488
489 15000 489
490 15000 490
491 15000 491
492 15000 492
493 15000 493
494 15000 494
495 15000 495
496 15000 496
497 15000 497
498 15000 498
499 15000 499
500 15000 500
501 15000 501
502 15000 502
503 15000 503
504 15000 504
505 15000 505
506 15000 506
507 15000 507
508 15000 508
509 15000 509
510 15000 510
511 15000 511
512 15000 512
513 15000 513
514 15000 514
515 15000 515
516 15000 516
517 15000 517
518 15000 518
519 15000 519
520 15000 520
521 15000 521
522 15000 522
523 15000 523
524 15000 524
525 15000 525
526 15000 526
527 15000 527
528 15000 528
529 15000 529
530 15000 530
531 15000 531
532 15000 532
533 15000 533
534 15000 534
535 15000 535
536 15000 536
537 15000 537
538 15000 538
539 15000 539
540 15000 540
541 15000 541
542 15000 542
543 15000 543
544 15000 544
545 15000 545
546 15000 546
547 15000 547
548 15000 548
549 15000 549
550 15000 550
551 15000 551
552 15000 552
553 15000 553
554 15000 554
555 15000 555
556 15000 556
557 15000 557
558 15000 558
559 15000 559
560 15000 560
561 15000 561
562 15000 562
563 15000 563
564 15000 564
565 15000 565
566 15000 566
567 15000 567
568 15000 568
569 15000 569
570 15000 570
571 15000 571
572 15000 572
573 15000 573
574 15000 574
575 15000 575
576 15000 576
577 15000 577
578 15000 578
579 15000 579
580 15000 580
581 15000 581
582 15000 582
583 15000 583
584 15000 584
585 15000 585
586 15000 586
587 15000 587
588 15000 588
589 15000 589
590 15000 590
591 15000 591
592 15000 592
593 15000 593
594 15000 594
595 15000 595
596 15000 596
597 15000 597
598 15000 598
599 15000 599
600 15000 600
601 15000 601
602 15000 602
603 15000 603
604 15000 604
605 15000 605
606 15000 606
607 15000 607
608 15000 608
609 15000 609
610 15000 610
611 15000 611
612 15000 612
613 15000 613
614 15000 614
615 15000 615
616 15000 616
617 15000 617
618 15000 618
619 15000 619
620 15000 620
621 15000 621
622 15000 622
623 15000 623
624 15000 624
625 15000 625
626 15000 626
627 15000 627
628 15000 628
629 15000 629
630 15000 630
631 15000 631
632 15000 632
633 15000 633
634 15000 634
635 15000 635
636 15000 636
637 15000 637
638 15000 638
639 15000 639
640 15000 640
641 15000 641
642 15000 642
643 15000 643
644 15000 644
645 15000 645
646 15000 646
647 15000 647
648 15000 648
649 15000 649
650 15000 650
651 15000 651
652 15000 652
653 15000 653
654 15000 654
655 15000 655
656 15000 656
657 15000 657
658 15000 658
659 15000 659
660 15000 660
661 15000 661
662 15000 662
663 15000 663
664 15000 664
665 15000 665
666 15000 666
667 15000 667
668 15000 668
669 15000 669
670 15000 670
671 15000 671
672 15000 672
673 15000 673
674 15000 674
675 15000 675
676 15000 676
677 15000 677
678 15000 678
679 15000 679
680 15000 680
681 15000 681
682 15000 682
683 15000 683
684 15000 684
685 15000 685
686 15000 686
687 15000 687
688 15000 688
689 15000 689
690 15000 690
691 15000 691
692 15000 692
693 15000 693
694 15000 694
695 15000 695
696 15000 696
697 15000 697
698 15000 698
699 15000 699
700 15000 700
701 15000 701
702 15000 702
703 15000 703
704 15000 704
705 15000 705
706 15000 706
707 15000 707
708 15000 708
709 15000 709
710 15000 710
711 15000 711
712 15000 712
713 15000 713
714 15000 714
715 15000 715
716 15000 716
717 15000 717
718 15000 718
719 15000 719
720 15000 720
721 15000 721
722 15000 722
723 15000 723
724 15000 724
725 15000 725
726 15000 726
727 15000 727
728 15000 728
729 15000 729
730 15000 730
731 15000 731
732 15000 732
733 15000 733
734 15000 734
735 15000 735
736 15000 736
737 15000 737
738 15000 738
739 15000 739
740 15000 740
741 15000 741
742 15000 742
743 15000 743
744 15000 744
745 15000 745
746 15000 746
747 15000 747
748 15000 748
749 15000 749
750 15000 750
751 15000 751
752 15000 752
753 15000 753
754 15000 754
755 15000 755
756 15000 756
757 15000 757
758 15000 758
759 15000 759
760 15000 760
761 15000 761
762 15000 762
763 15000 763
764 15000 764
765 15000 765
766 15000 766
767 15000 767
768 15000 768
769 15000 769
770 15000 770
771 15000 771
772 15000 772
773 15000 773
774 15000 774
775 15000 775
776 15000 776
777 15000 777
778 15000 778
779 15000 779
780 15000 780
781 15000 781
782 15000 782
783 15000 783
784 15000 784
785 15000 785
786 15000 786
787 15000 787
788 15000 788
789 15000 789
790 15000 790
791 15000 791
792 15000 792
793 15000 793
794 15000 794
795 15000 795
796 15000 796
797 15000 797
798 15000 798
799 15000 799
800 15000 800
801 15000 801
802 15000 802
803 15000 803
804 15000 804
805 15000 805
806 15000 806
807 15000 807
808 15000 808
809 15000 809
810 15000 810
811 15000 811
812 15000 812
813 15000 813
814 15000 814
815 15000 815
816 15000 816
817 15000 817
818 15000 818
819 15000 819
820 15000 820
821 15000 821
822 15000 822
823 15000 823
824 15000 824
825 15000 825
826 15000 826
827 15000 827
828 15000 828
829 15000 829
830 15000 830
831 15000 831
832 15000 832
833 15000 833
834 15000 834
835 15000 835
836 15000 836
837 15000 837
838 15000 838
839 15000 839
840 15000 840
841 15000 841
842 15000 842
843 15000 843
844 15000 844
845 15000 845
846 15000 846
847 15000 847
848 15000 848
849 15000 849
850 15000 850
851 15000 851
852 15000 852
853 15000 853
854 15000 854
855 15000 855
856 15000 856
857 15000 857
858 15000 858
859 15000 859
860 15000 860
861 15000 861
862 15000 862
863 15000 863
864 15000 864
865 15000 865
866 15000 866
867 15000 867
868 15000 868
869 15000 869
870 15000 870
871 15000 871
872 15000 872
873 15000 873
874 15000 874
875 15000 875
876 15000 876
877 15000 877
878 15000 878
879 15000 879
880 15000 880
881 15000 881
882 15000 882
883 15000 883
884 15000 884
885 15000 885
886 15000 886
887 15000 887
888 15000 888
889 15000 889
890 15000 890
891 15000 891
892 15000 892
893 15000 893
894 15000 894
895 15000 895
896 15000 896
897 15000 897
898 15000 898
899 15000 899
900 15000 900
901 15000 901
902 15000 902
903 15000 903
904 15000 904
905 15000 905
906 15000 906
907 15000 907
908 15000 908
909 15000 909
910 15000 910
911 15000 911
912 15000 912
913 15000 913
914 15000 914
915 15000 915
916 15000 916
917 15000 917
918 15000 918
919 15000 919
920 15000 920
921 15000 921
922 15000 922
923 15000 923
924 15000 924
925 15000 925
926 15000 926
927 15000 927
928 15000 928
929 15000 929
930 15000 930
931 15000 931
932 15000 932
933 15000 933
934 15000 934
935 15000 935
936 15000 936
937 15000 937
938 15000 938
939 15000 939
940 15000 940
941 15000 941
942 15000 942
943 15000 943
944 15000 944
945 15000 945
946 15000 946
947 15000 947
948 15000 948
949 15000 949
950 15000 950
951 15000 951
952 15000 952
953 15000 953
954 15000 954
955 15000 955
956 15000 956
957 15000 957
958 15000 958
959 15000 959
960 15000 960
961 15000 961
962 15000 962
963 15000 963
964 15000 964
965 15000 965
966 15000 966
967 15000 967
968 15000 968
969 15000 969
970 15000 970
971 15000 971
972 15000 972
973 15000 973
974 15000 974
975 15000 975
976 15000 976
977 15000 977
978 15000 978
979 15000 979
980 15000 980
981 15000 981
982 15000 982
983 15000 983
984 15000 984
985 15000 985
986 15000 986
987 15000 987
988 15000 988
989 15000 989
990 15000 990
991 15000 991
992 15000 992
993 15000 993
994 15000 994
995 15000 995
996 15000 996
997 15000 997
998 15000 998
999 15000 999
1000 15000 1000
1001 15000 1001
1002 15000 1002
1003 15000 1003
1004 15000 1004
1005 15000 1005
1006 15000 1006
1007 15000 1007
1008 15000 1008
1009 15000 1009
1010 15000 1010
1011 15000 1011
1012 15000 1012
1013 15000 1013
1014 15000 1014
1015 15000 1015
1016 15000 1016
1017 15000 1017
1018 15000 1018
1019 15000 1019
1020 15000 1020
1021 15000 1021
1022 15000 1022
1023 15000 1023
1024 15000 1024
1025 15000 1025
1026 15000 1026
1027 15000 1027
1028 15000 1028
1029 15000 1029
1030 15000 1030
1031 15000 1031
1032 15000 1032
1033 15000 1033
1034 15000 1034
1035 15000 1035
1036 15000 1036
1037 15000 1037
1038 15000 1038
1039 15000 1039
1040 15000 1040
1041 15000 1041
1042 15000 1042
1043 15000 1043
1044 15000 1044
1045 15000 1045
1046 15000 1046
1047 15000 1047
1048 15000 1048
1049 15000 1049
1050 15000 1050
1051 15000 1051
1052 15000 1052
1053 15000 1053
1054 15000 1054
1055 15000 1055
1056 15000 1056
1057 15000 1057
1058 15000 1058
1059 15000 1059
1060 15000 1060
1061 15000 1061
1062 15000 1062
1063 15000 1063
1064 15000 1064
1065 15000 1065
1066 15000 1066
1067 15000 1067
1068 15000 1068
1069 15000 1069
1070 15000 1070
1071 15000 1071
1072 15000 1072
1073 15000 1073
1074 15000 1074
1075 15000 1075
1076 15000 1076
1077 15000 1077
1078 15000 1078
1079 15000 1079
1080 15000 1080
1081 15000 1081
1082 15000 1082
1083 15000 1083
1084 15000 1084
1085 15000 1085
1086 15000 1086
1087 15000 1087
1088 15000 1088
1089 15000 1089
1090 15000 1090
1091 15000 1091
1092 15000 1092
1093 15000 1093
1094 15000 1094
1095 15000 1095
1096 15000 1096
1097 15000 1097
1098 15000 1098
1099 15000 1099
1100 15000 1100
1101 15000 1101
1102 15000 1102
1103 15000 1103
1104 15000 1104
1105 15000 1105
1106 15000 1106
1107 15000 1107
1108 15000 1108
1109 15000 1109
1110 15000 1110
1111 15000 1111
1112 15000 1112
1113 15000 1113
1114 15000 1114
1115 15000 1115
1116 15000 1116
1117 15000 1117
1118 15000 1118
1119 15000 1119
1120 15000 1120
1121 15000 1121
1122 15000 1122
1123 15000 1123
1124 15000 1124
1125 15000 1125
1126 15000 1126
1127 15000 1127
1128 15000 1128
1129 15000 1129
1130 15000 1130
1131 15000 1131
1132 15000 1132
1133 15000 1133
1134 15000 1134
1135 15000 1135
1136 15000 1136
1137 15000 1137
1138 15000 1138
1139 15000 1139
1140 15000 1140
1141 15000 1141
1142 15000 1142
1143 15000 1143
1144 15000 1144
1145 15000 1145
1146 15000 1146
1147 15000 1147
1148 15000 1148
1149 15000 1149
1150 15000 1150
1151 15000 1151
1152 15000 1152
1153 15000 1153
1154 15000 1154
1155 15000 1155
1156 15000 1156
1157 15000 1157
1158 15000 1158
1159 15000 1159
1160 15000 1160
1161 15000 1161
1162 15000 1162
1163 15000 1163
1164 15000 1164
1165 15000 1165
1166 15000 1166
1167 15000 1167
1168 15000 1168
1169 15000 1169
1170 15000 1170
1171 15000 1171
1172 15000 1172
1173 15000 1173
1174 15000 1174
1175 15000 1175
1176 15000 1176
1177 15000 1177
1178 15000 1178
1179 15000 1179
1180 15000 1180
1181 15000 1181
1182 15000 1182
1183 15000 1183
1184 15000 1184
1185 15000 1185
1186 15000 1186
1187 15000 1187
1188 15000 1188
1189 15000 1189
1190 15000 1190
1191 15000 1191
1192 15000 1192
1193 15000 1193
1194 15000 1194
1195 15000 1195
1196 15000 1196
1197 15000 1197
1198 15000 1198
1199 15000 1199
1200 15000 1200
1201 15000 1201
1202 15000 1202
1203 15000 1203
1204 15000 1204
1205 15000 1205
1206 15000 1206
1207 15000 1207
1208 15000 1208
1209 15000 1209
1210 15000 1210
1211 15000 1211
1212 15000 1212
1213 15000 1213
1214 15000 1214
1215 15000 1215
1216 15000 1216
1217 15000 1217
1218 15000 1218
1219 15000 1219
1220 15000 1220
1221 15000 1221
1222 15000 1222
1223 15000 1223
1224 15000 1224
1225 15000 1225
1226 15000 1226
1227 15000 1227
1228 15000 1228
1229 15000 1229
1230 15000 1230
1231 15000 1231
1232 15000 1232
1233 15000 1233
1234 15000 1234
1235 15000 1235
1236 15000 1236
1237 15000 1237
1238 15000 1238
1239 15000 1239
1240 15000 1240
1241 15000 1241
1242 15000 1242
1243 15000 1243
1244 15000 1244
1245 15000 1245
1246 15000 1246
1247 15000 1247
1248 15000 1248
1249 15000 1249
1250 15000 1250
1251 15000 1251
1252 15000 1252
1253 15000 1253
1254 15000 1254
1255 15000 1255
1256 15000 1256
1257 15000 1257
1258 15000 1258
1259 15000 1259
1260 15000 1260
1261 15000 1261
1262 15000 1262
1263 15000 1263
1264 15000 1264
1265 15000 1265
1266 15000 1266
1267 15000 1267
1268 15000 1268
1269 15000 1269
1270 15000 1270
1271 15000 1271
1272 15000 1272
1273 15000 1273
1274 15000 1274
1275 15000 1275
1276 15000 1276
1277 15000 1277
1278 15000 1278
1279 15000 1279
1280 15000 1280
1281 15000 1281
1282 15000 1282
1283 15000 1283
1284 15000 1284
1285 15000 1285
1286 15000 1286
1287 15000 1287
1288 15000 1288
1289 15000 1289
1290 15000 1290
1291 15000 1291
1292 15000 1292
1293 15000 1293
1294 15000 1294
1295 15000 1295
1296 15000 1296
1297 15000 1297
1298 15000 1298
1299 15000 1299
1300 15000 1300
1301 15000 1301
1302 15000 1302
1303 15000 1303
1304 15000 1304
1305 15000 1305
1306 15000 1306
1307 15000 1307
1308 15000 1308
1309 15000 1309
1310 15000 1310
1311 15000 1311
1312 15000 1312
1313 15000 1313
1314 15000 1314
1315 15000 1315
1316 15000 1316
1317 15000 1317
1318 15000 1318
1319 15000 1319
1320 15000 1320
1321 15000 1321
1322 15000 1322
1323 15000 1323
1324 15000 1324
1325 15000 1325
1326 15000 1326
1327 15000 1327
1328 15000 1328
1329 15000 1329
1330 15000 1330
1331 15000 1331
1332 15000 1332
1333 15000 1333
1334 15000 1334
1335 15000 1335
1336 15000 1336
1337 15000 1337
1338 15000 1338
1339 15000 1339
1340 15000 1340
1341 15000 1341
1342 15000 1342
1343 15000 1343
1344 15000 1344
1345 15000 1345
1346 15000 1346
1347 15000 1347
1348 15000 1348
1349 15000 1349
1350 15000 1350
1351 15000 1351
1352 15000 1352
1353 15000 1353
1354 15000 1354
1355 15000 1355
1356 15000 1356
1357 15000 1357
1358 15000 1358
1359 15000 1359
1360 15000 1360
1361 15000 1361
1362 15000 1362
1363 15000 1363
1364 15000 1364
1365 15000 1365
1366 15000 1366
1367 15000 1367
1368 15000 1368
1369 15000 1369
1370 15000 1370
1371 15000 1371
1372 15000 1372
1373 15000 1373
1374 15000 1374
1375 15000 1375
1376 15000 1376
1377 15000 1377
1378 15000 1378
1379 15000 1379
1380 15000 1380
1381 15000 1381
1382 15000 1382
1383 15000 1383
1384 15000 1384
1385 15000 1385
1386 15000 1386
1387 15000 1387
1388 15000 1388
1389 15000 1389
1390 15000 1390
1391 15000 1391
1392 15000 1392
1393 15000 1393
1394 15000 1394
1395 15000 1395
1396 15000 1396
1397 15000 1397
1398 15000 1398
1399 15000 1399
1400 15000 1400
1401 15000 1401
1402 15000 1402
1403 15000 1403
1404 15000 1404
1405 15000 1405
1406 15000 1406
1407 15000 1407
1408 15000 1408
1409 15000 1409
1410 15000 1410
1411 15000 1411
1412 15000 1412
1413 15000 1413
1414 15000 1414
1415 15000 1415
1416 15000 1416
1417 15000 1417
1418 15000 1418
1419 15000 1419
1420 15000 1420
1421 15000 1421
1422 15000 1422
1423 15000 1423
1424 15000 1424
1425 15000 1425
1426 15000 1426
1427 15000 1427
1428 15000 1428
1429 15000 1429
1430 15000 1430
1431 15000 1431
1432 15000 1432
1433 15000 1433
1434 15000 1434
1435 15000 1435
1436 15000 1436
1437 15000 1437
1438 15000 1438
1439 15000 1439
1440 15000 1440
1441 15000 1441
1442 15000 1442
1443 15000 1443
1444 15000 1444
1445 15000 1445
1446 15000 1446
1447 15000 1447
1448 15000 1448
1449 15000 1449
1450 15000 1450
1451 15000 1451
1452 15000 1452
1453 15000 1453
1454 15000 1454
1455 15000 1455
1456 15000 1456
1457 15000 1457
1458 15000 1458
1459 15000 1459
1460 15000 1460
1461 15000 1461
1462 15000 1462
1463 15000 1463
1464 15000 1464
1465 15000 1465
1466 15000 1466
1467 15000 1467
1468 15000 1468
1469 15000 1469
1470 15000 1470
1471 15000 1471
1472 15000 1472
1473 15000 1473
1474 15000 1474
1475 15000 1475
1476 15000 1476
1477 15000 1477
1478 15000 1478
1479 15000 1479
1480 15000 1480
1481 15000 1481
1482 15000 1482
1483 15000 1483
1484 15000 1484
1485 15000 1485
1486 15000 1486
1487 15000 1487
1488 15000 1488
1489 15000 1489
1490 15000 1490
1491 15000 1491
1492 15000 1492
1493 15000 1493
1494 15000 1494
1495 15000 1495
1496 15000 1496
1497 15000 1497
1498 15000 1498
1499 15000 1499
1500 15000 1500
1501 15000 1501
1502 15000 1502
1503 15000 1503
1504 15000 1504
1505 15000 1505
1506 15000 1506
1507 15000 1507
1508 15000 1508
1509 15000 1509
1510 15000 1510
1511 15000 1511
1512 15000 1512
1513 15000 1513
1514 15000 1514
1515 15000 1515
1516 15000 1516
1517 15000 1517
1518 15000 1518
1519 15000 1519
1520 15000 1520
1521 15000 1521
1522 15000 1522
1523 15000 1523
1524 15000 1524
1525 15000 1525
1526 15000 1526
1527 15000 1527
1528 15000 1528
1529 15000 1529
1530 15000 1530
1531 15000 1531
1532 15000 1532
1533 15000 1533
1534 15000 1534
1535 15000 1535
1536 15000 1536
1537 15000 1537
1538 15000 1538
1539 15000 1539
1540 15000 1540
1541 15000 1541
1542 15000 1542
1543 15000 1543
1544 15000 1544
1545 15000 1545
1546 15000 1546
1547 15000 1547
1548 15000 1548
1549 15000 1549
1550 15000 1550
1551 15000 1551
1552 15000 1552
1553 15000 1553
1554 15000 1554
1555 15000 1555
1556 15000 1556
1557 15000 1557
1558 15000 1558
1559 15000 1559
1560 15000 1560
1561 15000 1561
1562 15000 1562
1563 15000 1563
1564 15000 1564
1565 15000 1565
1566 15000 1566
1567 15000 1567
1568 15000 1568
1569 15000 1569
1570 15000 1570
1571 15000 1571
1572 15000 1572
1573 15000 1573
1574 15000 1574
1575 15000 1575
1576 15000 1576
1577 15000 1577
1578 15000 1578
1579 15000 1579
1580 15000 1580
1581 15000 1581
1582 15000 1582
1583 15000 1583
1584 15000 1584
1585 15000 1585
1586 15000 1586
1587 15000 1587
1588 15000 1588
1589 15000 1589
1590 15000 1590
1591 15000 1591
1592 15000 1592
1593 15000 1593
1594 15000 1594
1595 15000 1595
1596 15000 1596
1597 15000 1597
1598 15000 1598
1599 15000 1599
1600 15000 1600
1601 15000 1601
1602 15000 1602
1603 15000 1603
1604 15000 1604
1605 15000 1605
1606 15000 1606
1607 15000 1607
1608 15000 1608
1609 15000 1609
1610 15000 1610
1611 15000 1611
1612 15000 1612
1613 15000 1613
1614 15000 1614
1615 15000 1615
1616 15000 1616
1617 15000 1617
1618 15000 1618
1619 15000 1619
1620 15000 1620
1621 15000 1621
1622 15000 1622
1623 15000 1623
1624 15000 1624
1625 15000 1625
1626 15000 1626
1627 15000 1627
1628 15000 1628
1629 15000 1629
1630 15000 1630
1631 15000 1631
1632 15000 1632
1633 15000 1633
1634 15000 1634
1635 15000 1635
1636 15000 1636
1637 15000 1637
1638 15000 1638
1639 15000 1639
1640 15000 1640
1641 15000 1641
1642 15000 1642
1643 15000 1643
1644 15000 1644
1645 15000 1645
1646 15000 1646
1647 15000 1647
1648 15000 1648
1649 15000 1649
1650 15000 1650
1651 15000 1651
1652 15000 1652
1653 15000 1653
1654 15000 1654
1655 15000 1655
1656 15000 1656
1657 15000 1657
1658 15000 1658
1659 15000 1659
1660 15000 1660
1661 15000 1661
1662 15000 1662
1663 15000 1663
1664 15000 1664
1665 15000 1665
1666 15000 1666
1667 15000 1667
1668 15000 1668
1669 15000 1669
1670 15000 1670
1671 15000 1671
1672 15000 1672
1673 15000 1673
1674 15000 1674
1675 15000 1675
1676 15000 1676
1677 15000 1677
1678 15000 1678
1679 15000 1679
1680 15000 1680
1681 15000 1681
1682 15000 1682
1683 15000 1683
1684 15000 1684
1685 15000 1685
1686 15000 1686
1687 15000 1687
1688 15000 1688
1689 15000 1689
1690 15000 1690
1691 15000 1691
1692 15000 1692
1693 15000 1693
1694 15000 1694
1695 15000 1695
1696 15000 1696
1697 15000 1697
1698 15000 1698
1699 15000 1699
1700 15000 1700
1701 15000 1701
1702 15000 1702
1703 15000 1703
1704 15000 1704
1705 15000 1705
1706 15000 1706
1707 15000 1707
1708 15000 1708
1709 15000 1709
1710 15000 1710
1711 15000 1711
1712 15000 1712
1713 15000 1713
1714 15000 1714
1715 15000 1715
1716 15000 1716
1717 15000 1717
1718 15000 1718
1719 15000 1719
1720 15000 1720
1721 15000 1721
1722 15000 1722
1723 15000 1723
1724 15000 1724
1725 15000 1725
1726 15000 1726
1727 15000 1727
1728 15000 1728
1729 15000 1729
1730 15000 1730
1731 15000 1731
1732 15000 1732
1733 15000 1733
1734 15000 1734
1735 15000 1735
1736 15000 1736
1737 15000 1737
1738 15000 1738
1739 15000 1739
1740 15000 1740
1741 15000 1741
1742 15000 1742
1743 15000 1743
1744 15000 1744
1745 15000 1745
1746 15000 1746
1747 15000 1747
1748 15000 1748
1749 15000 1749
1750 15000 1750
1751 15000 1751
1752 15000 1752
1753 15000 1753
1754 15000 1754
1755 15000 1755
1756 15000 1756
1757 15000 1757
1758 15000 1758
1759 15000 1759
1760 15000 1760
1761 15000 1761
1762 15000 1762
1763 15000 1763
1764 15000 1764
1765 15000 1765
1766 15000 1766
1767 15000 1767
1768 15000 1768
1769 15000 1769
1770 15000 1770
1771 15000 1771
1772 15000 1772
1773 15000 1773
1774 15000 1774
1775 15000 1775
1776 15000 1776
1777 15000 1777
1778 15000 1778
1779 15000 1779
1780 15000 1780
1781 15000 1781
1782 15000 1782
1783 15000 1783
1784 15000 1784
1785 15000 1785
1786 15000 1786
1787 15000 1787
1788 15000 1788
1789 15000 1789
1790 15000 1790
1791 15000 1791
1792 15000 1792
1793 15000 1793
1794 15000 1794
1795 15000 1795
1796 15000 1796
1797 15000 1797
1798 15000 1798
1799 15000 1799
1800 15000 1800
1801 15000 1801
1802 15000 1802
1803 15000 1803
1804 15000 1804
1805 15000 1805
1806 15000 1806
1807 15000 1807
1808 15000 1808
1809 15000 1809
1810 15000 1810
1811 15000 1811
1812 15000 1812
1813 15000 1813
1814 15000 1814
1815 15000 1815
1816 15000 1816
1817 15000 1817
1818 15000 1818
1819 15000 1819
1820 15000 1820
1821 15000 1821
1822 15000 1822
1823 15000 1823
1824 15000 1824
1825 15000 1825
1826 15000 1826
1827 15000 1827
1828 15000 1828
1829 15000 1829
1830 15000 1830
1831 15000 1831
1832 15000 1832
1833 15000 1833
1834 15000 1834
1835 15000 1835
1836 15000 1836
1837 15000 1837
1838 15000 1838
1839 15000 1839
1840 15000 1840
1841 15000 1841
1842 15000 1842
1843 15000 1843
1844 15000 1844
1845 15000 1845
1846 15000 1846
1847 15000 1847
1848 15000 1848
1849 15000 1849
1850 15000 1850
1851 15000 1851
1852 15000 1852
1853 15000 1853
1854 15000 1854
1855 15000 1855
1856 15000 1856
1857 15000 1857
1858 15000 1858
1859 15000 1859
1860 15000 1860
1861 15000 1861
1862 15000 1862
1863 15000 1863
1864 15000 1864
1865 15000 1865
1866 15000 1866
1867 15000 1867
1868 15000 1868
1869 15000 1869
1870 15000 1870
1871 15000 1871
1872 15000 1872
1873 15000 1873
1874 15000 1874
1875 15000 1875
1876 15000 1876
1877 15000 1877
1878 15000 1878
1879 15000 1879
1880 15000 1880
1881 15000 1881
1882 15000 1882
1883 15000 1883
1884 15000 1884
1885 15000 1885
1886 15000 1886
1887 15000 1887
1888 15000 1888
1889 15000 1889
1890 15000 1890
1891 15000 1891
1892 15000 1892
1893 15000 1893
1894 15000 1894
1895 15000 1895
1896 15000 1896
1897 15000 1897
1898 15000 1898
1899 15000 1899
1900 15000 1900
1901 15000 1901
1902 15000 1902
1903 15000 1903
1904 15000 1904
1905 15000 1905
1906 15000 1906
1907 15000 1907
1908 15000 1908
1909 15000 1909
1910 15000 1910
1911 15000 1911
1912 15000 1912
1913 15000 1913
1914 15000 1914
1915 15000 1915
1916 15000 1916
1917 15000 1917
1918 15000 1918
1919 15000 1919
1920 15000 1920
1921 15000 1921
1922 15000 1922
1923 15000 1923
1924 15000 1924
1925 15000 1925
1926 15000 1926
1927 15000 1927
1928 15000 1928
1929 15000 1929
1930 15000 1930
1931 15000 1931
1932 15000 1932
1933 15000 1933
1934 15000 1934
1935 15000 1935
1936 15000 1936
1937 15000 1937
1938 15000 1938
1939 15000 1939
1940 15000 1940
1941 15000 1941
1942 15000 1942
1943 15000 1943
1944 15000 1944
1945 15000 1945
1946 15000 1946
1947 15000 1947
1948 15000 1948
1949 15000 1949
1950 15000 1950
1951 15000 1951
1952 15000 1952
1953 15000 1953
1954 15000 1954
1955 15000 1955
1956 15000 1956
1957 15000 1957
1958 15000 1958
1959 15000 1959
1960 15000 1960
1961 15000 1961
1962 15000 1962
1963 15000 1963
1964 15000 1964
1965 15000 1965
1966 15000 1966
1967 15000 1967
1968 15000 1968
1969 15000 1969
1970 15000 1970
1971 15000 1971
1972 15000 1972
1973 15000 1973
1974 15000 1974
1975 15000 1975
1976 15000 1976
1977 15000 1977
1978 15000 1978
1979 15000 1979
1980 15000 1980
1981 15000 1981
1982 15000 1982
1983 15000 1983
1984 15000 1984
1985 15000 1985
1986 15000 1986
1987 15000 1987
1988 15000 1988
1989 15000 1989
1990 15000 1990
1991 15000 1991
1992 15000 1992
1993 15000 1993
1994 15000 1994
1995 15000 1995
1996 15000 1996
1997 15000 1997
1998 15000 1998
1999 15000 1999
2000 15000 2000
2001 15000 2001
2002 15000 2002
2003 15000 2003
2004 15000 2004
2005 15000 2005
2006 15000 2006
2007 15000 2007
2008 15000 2008
2009 15000 2009
2010 15000 2010
2011 15000 2011
2012 15000 2012
2013 15000 2013
2014 15000 2014
2015 15000 2015
2016 15000 2016
2017 15000 2017
2018 15000 2018
2019 15000 2019
2020 15000 2020
2021 15000 2021
2022 15000 2022
2023 15000 2023
2024 15000 2024
2025 15000 2025
2026 15000 2026
2027 15000 2027
2028 15000 2028
2029 15000 2029
2030 15000 2030
2031 15000 2031
2032 15000 2032
2033 15000 2033
2034 15000 2034
2035 15000 2035
2036 15000 2036
2037 15000 2037
2038 15000 2038
2039 15000 2039
2040 15000 2040
2041 15000 2041
2042 15000 2042
2043 15000 2043
2044 15000 2044
2045 15000 2045
2046 15000 2046
2047 15000 2047
2048 15000 2048
2049 15000 2049
2050 15000 2050
2051 15000 2051
2052 15000 2052
2053 15000 2053
2054 15000 2054
2055 15000 2055
2056 15000 2056
2057 15000 2057
2058 15000 2058
2059 15000 2059
2060 15000 2060
2061 15000 2061
2062 15000 2062
2063 15000 2063
2064 15000 2064
2065 15000 2065
2066 15000 2066
2067 15000 2067
2068 15000 2068
2069 15000 2069
2070 15000 2070
2071 15000 2071
2072 15000 2072
2073 15000 2073
2074 15000 2074
2075 15000 2075
2076 15000 2076
2077 15000 2077
2078 15000 2078
2079 15000 2079
2080 15000 2080
2081 15000 2081
2082 15000 2082
2083 15000 2083
2084 15000 2084
2085 15000 2085
2086 15000 2086
2087 15000 2087
2088 15000 2088
2089 15000 2089
2090 15000 2090
2091 15000 2091
2092 15000 2092
2093 15000 2093
2094 15000 2094
2095 15000 2095
2096 15000 2096
2097 15000 2097
2098 15000 2098
2099 15000 2099
2100 15000 2100
2101 15000 2101
2102 15000 2102
2103 15000 2103
2104 15000 2104
2105 15000 2105
2106 15000 2106
2107 15000 2107
2108 15000 2108
2109 15000 2109
2110 15000 2110
2111 15000 2111
2112 15000 2112
2113 15000 2113
2114 15000 2114
2115 15000 2115
2116 15000 2116
2117 15000 2117
2118 15000 2118
2119 15000 2119
2120 15000 2120
2121 15000 2121
2122 15000 2122
2123 15000 2123
2124 15000 2124
2125 15000 2125
2126 15000 2126
2127 15000 2127
2128 15000 2128
2129 15000 2129
2130 15000 2130
2131 15000 2131
2132 15000 2132
2133 15000 2133
2134 15000 2134
2135 15000 2135
2136 15000 2136
2137 15000 2137
2138 15000 2138
2139 15000 2139
2140 15000 2140
2141 15000 2141
2142 15000 2142
2143 15000 2143
2144 15000 2144
2145 15000 2145
2146 15000 2146
2147 15000 2147
2148 15000 2148
2149 15000 2149
2150 15000 2150
2151 15000 2151
2152 15000 2152
2153 15000 2153
2154 15000 2154
2155 15000 2155
2156 15000 2156
2157 15000 2157
2158 15000 2158
2159 15000 2159
2160 15000 2160
2161 15000 2161
2162 15000 2162
2163 15000 2163
2164 15000 2164
2165 15000 2165
2166 15000 2166
2167 15000 2167
2168 15000 2168
2169 15000 2169
2170 15000 2170
2171 15000 2171
2172 15000 2172
2173 15000 2173
2174 15000 2174
2175 15000 2175
2176 15000 2176
2177 15000 2177
2178 15000 2178
2179 15000 2179
2180 15000 2180
2181 15000 2181
2182 15000 2182
2183 15000 2183
2184 15000 2184
2185 15000 2185
2186 15000 2186
2187 15000 2187
2188 15000 2188
2189 15000 2189
2190 15000 2190
2191 15000 2191
2192 15000 2192
2193 15000 2193
2194 15000 2194
2195 15000 2195
2196 15000 2196
2197 15000 2197
2198 15000 2198
2199 15000 2199
2200 15000 2200
2201 15000 2201
2202 15000 2202
2203 15000 2203
2204 15000 2204
2205 15000 2205
2206 15000 2206
2207 15000 2207
2208 15000 2208
2209 15000 2209
2210 15000 2210
2211 15000 2211
2212 15000 2212
2213 15000 2213
2214 15000 2214
2215 15000 2215
2216 15000 2216
2217 15000 2217
2218 15000 2218
2219 15000 2219
2220 15000 2220
2221 15000 2221
2222 15000 2222
2223 15000 2223
2224 15000 2224
2225 15000 2225
2226 15000 2226
2227 15000 2227
2228 15000 2228
2229 15000 2229
2230 15000 2230
2231 15000 2231
2232 15000 2232
2233 15000 2233
2234 15000 2234
2235 15000 2235
2236 15000 2236
2237 15000 2237
2238 15000 2238
2239 15000 2239
2240 15000 2240
2241 15000 2241
2242 15000 2242
2243 15000 2243
2244 15000 2244
2245 15000 2245
2246 15000 2246
2247 15000 2247
2248 15000 2248
2249 15000 2249
2250 15000 2250
2251 15000 2251
2252 15000 2252
2253 15000 2253
2254 15000 2254
2255 15000 2255
2256 15000 2256
2257 15000 2257
2258 15000 2258
2259 15000 2259
2260 15000 2260
2261 15000 2261
2262 15000 2262
2263 15000 2263
2264 15000 2264
2265 15000 2265
2266 15000 2266
2267 15000 2267
2268 15000 2268
2269 15000 2269
2270 15000 2270
2271 15000 2271
2272 15000 2272
2273 15000 2273
2274 15000 2274
2275 15000 2275
2276 15000 2276
2277 15000 2277
2278 15000 2278
2279 15000 2279
2280 15000 2280
2281 15000 2281
2282 15000 2282
2283 15000 2283
2284 15000 2284
2285 15000 2285
2286 15000 2286
2287 15000 2287
2288 15000 2288
2289 15000 2289
2290 15000 2290
2291 15000 2291
2292 15000 2292
2293 15000 2293
2294 15000 2294
2295 15000 2295
2296 15000 2296
2297 15000 2297
2298 15000 2298
2299 15000 2299
2300 15000 2300
2301 15000 2301
2302 15000 2302
2303 15000 2303
2304 15000 2304
2305 15000 2305
2306 15000 2306
2307 15000 2307
2308 15000 2308
2309 15000 2309
2310 15000 2310
2311 15000 2311
2312 15000 2312
2313 15000 2313
2314 15000 2314
2315 15000 2315
2316 15000 2316
2317 15000 2317
2318 15000 2318
2319 15000 2319
2320 15000 2320
2321 15000 2321
2322 15000 2322
2323 15000 2323
2324 15000 2324
2325 15000 2325
2326 15000 2326
2327 15000 2327
2328 15000 2328
2329 15000 2329
2330 15000 2330
2331 15000 2331
2332 15000 2332
2333 15000 2333
2334 15000 2334
2335 15000 2335
2336 15000 2336
2337 15000 2337
2338 15000 2338
2339 15000 2339
2340 15000 2340
2341 15000 2341
2342 15000 2342
2343 15000 2343
2344 15000 2344
2345 15000 2345
2346 15000 2346
2347 15000 2347
2348 15000 2348
2349 15000 2349
2350 15000 2350
2351 15000 2351
2352 15000 2352
2353 15000 2353
2354 15000 2354
2355 15000 2355
2356 15000 2356
2357 15000 2357
2358 15000 2358
2359 15000 2359
2360 15000 2360
2361 15000 2361
2362 15000 2362
2363 15000 2363
2364 15000 2364
2365 15000 2365
2366 15000 2366
2367 15000 2367
2368 15000 2368
2369 15000 2369
2370 15000 2370
2371 15000 2371
2372 15000 2372
2373 15000 2373
2374 15000 2374
2375 15000 2375
2376 15000 2376
2377 15000 2377
2378 15000 2378
2379 15000 2379
2380 15000 2380
2381 15000 2381
2382 15000 2382
2383 15000 2383
2384 15000 2384
2385 15000 2385
2386 15000 2386
2387 15000 2387
2388 15000 2388
2389 15000 2389
2390 15000 2390
2391 15000 2391
2392 15000 2392
2393 15000 2393
2394 15000 2394
2395 15000 2395
2396 15000 2396
2397 15000 2397
2398 15000 2398
2399 15000 2399
2400 15000 2400
2401 15000 2401
2402 15000 2402
2403 15000 2403
2404 15000 2404
2405 15000 2405
2406 15000 2406
2407 15000 2407
2408 15000 2408
2409 15000 2409
2410 15000 2410
2411 15000 2411
2412 15000 2412
2413 15000 2413
2414 15000 2414
2415 15000 2415
2416 15000 2416
2417 15000 2417
2418 15000 2418
2419 15000 2419
2420 15000 2420
2421 15000 2421
2422 15000 2422
2423 15000 2423
2424 15000 2424
2425 15000 2425
2426 15000 2426
2427 15000 2427
2428 15000 2428
2429 15000 2429
2430 15000 2430
2431 15000 2431
2432 15000 2432
2433 15000 2433
2434 15000 2434
2435 15000 2435
2436 15000 2436
2437 15000 2437
2438 15000 2438
2439 15000 2439
2440 15000 2440
2441 15000 2441
2442 15000 2442
2443 15000 2443
2444 15000 2444
2445 15000 2445
2446 15000 2446
2447 15000 2447
2448 15000 2448
2449 15000 2449
2450 15000 2450
2451 15000 2451
2452 15000 2452
2453 15000 2453
2454 15000 2454
2455 15000 2455
2456 15000 2456
2457 15000 2457
2458 15000 2458
2459 15000 2459
2460 15000 2460
2461 15000 2461
2462 15000 2462
2463 15000 2463
2464 15000 2464
2465 15000 2465
2466 15000 2466
2467 15000 2467
2468 15000 2468
2469 15000 2469
2470 15000 2470
2471 15000 2471
2472 15000 2472
2473 15000 2473
2474 15000 2474
2475 15000 2475
2476 15000 2476
2477 15000 2477
2478 15000 2478
2479 15000 2479
2480 15000 2480
2481 15000 2481
2482 15000 2482
2483 15000 2483
2484 15000 2484
2485 15000 2485
2486 15000 2486
2487 15000 2487
2488 15000 2488
2489 15000 2489
2490 15000 2490
2491 15000 2491
2492 15000 2492
2493 15000 2493
2494 15000 2494
2495 15000 2495
2496 15000 2496
2497 15000 2497
2498 15000 2498
2499 15000 2499
2500 15000 2500
2501 15000 2501
2502 15000 2502
2503 15000 2503
2504 15000 2504
2505 15000 2505
2506 15000 2506
2507 15000 2507
2508 15000 2508
2509 15000 2509
2510 15000 2510
2511 15000 2511
2512 15000 2512
2513 15000 2513
2514 15000 2514
2515 15000 2515
2516 15000 2516
2517 15000 2517
2518 15000 2518
2519 15000 2519
2520 15000 2520
2521 15000 2521
2522 15000 2522
2523 15000 2523
2524 15000 2524
2525 15000 2525
2526 15000 2526
2527 15000 2527
2528 15000 2528
2529 15000 2529
2530 15000 2530
2531 15000 2531
2532 15000 2532
2533 15000 2533
2534 15000 2534
2535 15000 2535
2536 15000 2536
2537 15000 2537
2538 15000 2538
2539 15000 2539
2540 15000 2540
2541 15000 2541
2542 15000 2542
2543 15000 2543
2544 15000 2544
2545 15000 2545
2546 15000 2546
2547 15000 2547
2548 15000 2548
2549 15000 2549
2550 15000 2550
2551 15000 2551
2552 15000 2552
2553 15000 2553
2554 15000 2554
2555 15000 2555
2556 15000 2556
2557 15000 2557
2558 15000 2558
2559 15000 2559
2560 15000 2560
2561 15000 2561
2562 15000 2562
2563 15000 2563
2564 15000 2564
2565 15000 2565
2566 15000 2566
2567 15000 2567
2568 15000 2568
2569 15000 2569
2570 15000 2570
2571 15000 2571
2572 15000 2572
2573 15000 2573
2574 15000 2574
2575 15000 2575
2576 15000 2576
2577 15000 2577
2578 15000 2578
2579 15000 2579
2580 15000 2580
2581 15000 2581
2582 15000 2582
2583 15000 2583
2584 15000 2584
2585 15000 2585
2586 15000 2586
2587 15000 2587
2588 15000 2588
2589 15000 2589
2590 15000 2590
2591 15000 2591
2592 15000 2592
2593 15000 2593
2594 15000 2594
2595 15000 2595
2596 15000 2596
2597 15000 2597
2598 15000 2598
2599 15000 2599
2600 15000 2600
2601 15000 2601
2602 15000 2602
2603 15000 2603
2604 15000 2604
2605 15000 2605
2606 15000 2606
2607 15000 2607
2608 15000 2608
2609 15000 2609
2610 15000 2610
2611 15000 2611
2612 15000 2612
2613 15000 2613
2614 15000 2614
2615 15000 2615
2616 15000 2616
2617 15000 2617
2618 15000 2618
2619 15000 2619
2620 15000 2620
2621 15000 2621
2622 15000 2622
2623 15000 2623
2624 15000 2624
2625 15000 2625
2626 15000 2626
2627 15000 2627
2628 15000 2628
2629 15000 2629
2630 15000 2630
2631 15000 2631
2632 15000 2632
2633 15000 2633
2634 15000 2634
2635 15000 2635
2636 15000 2636
2637 15000 2637
2638 15000 2638
2639 15000 2639
2640 15000 2640
2641 15000 2641
2642 15000 2642
2643 15000 2643
2644 15000 2644
2645 15000 2645
2646 15000 2646
2647 15000 2647
2648 15000 2648
2649 15000 2649
2650 15000 2650
2651 15000 2651
2652 15000 2652
2653 15000 2653
2654 15000 2654
2655 15000 2655
2656 15000 2656
2657 15000 2657
2658 15000 2658
2659 15000 2659
2660 15000 2660
2661 15000 2661
2662 15000 2662
2663 15000 2663
2664 15000 2664
2665 15000 2665
2666 15000 2666
2667 15000 2667
2668 15000 2668
2669 15000 2669
2670 15000 2670
2671 15000 2671
2672 15000 2672
2673 15000 2673
2674 15000 2674
2675 15000 2675
2676 15000 2676
2677 15000 2677
2678 15000 2678
2679 15000 2679
2680 15000 2680
2681 15000 2681
2682 15000 2682
2683 15000 2683
2684 15000 2684
2685 15000 2685
2686 15000 2686
2687 15000 2687
2688 15000 2688
2689 15000 2689
2690 15000 2690
2691 15000 2691
2692 15000 2692
2693 15000 2693
2694 15000 2694
2695 15000 2695
2696 15000 2696
2697 15000 2697
2698 15000 2698
2699 15000 2699
2700 15000 2700
2701 15000 2701
2702 15000 2702
2703 15000 2703
2704 15000 2704
2705 15000 2705
2706 15000 2706
2707 15000 2707
2708 15000 2708
2709 15000 2709
2710 15000 2710
2711 15000 2711
2712 15000 2712
2713 15000 2713
2714 15000 2714
2715 15000 2715
2716 15000 2716
2717 15000 2717
2718 15000 2718
2719 15000 2719
2720 15000 2720
2721 15000 2721
2722 15000 2722
2723 15000 2723
2724 15000 2724
2725 15000 2725
2726 15000 2726
2727 15000 2727
2728 15000 2728
2729 15000 2729
2730 15000 2730
2731 15000 2731
2732 15000 2732
2733 15000 2733
2734 15000 2734
2735 15000 2735
2736 15000 2736
2737 15000 2737
2738 15000 2738
2739 15000 2739
2740 15000 2740
2741 15000 2741
2742 15000 2742
2743 15000 2743
2744 15000 2744
2745 15000 2745
2746 15000 2746
2747 15000 2747
2748 15000 2748
2749 15000 2749
2750 15000 2750
2751 15000 2751
2752 15000 2752
2753 15000 2753
2754 15000 2754
2755 15000 2755
2756 15000 2756
2757 15000 2757
2758 15000 2758
2759 15000 2759
2760 15000 2760
2761 15000 2761
2762 15000 2762
2763 15000 2763
2764 15000 2764
2765 15000 2765
2766 15000 2766
2767 15000 2767
2768 15000 2768
2769 15000 2769
2770 15000 2770
2771 15000 2771
2772 15000 2772
2773 15000 2773
2774 15000 2774
2775 15000 2775
2776 15000 2776
2777 15000 2777
2778 15000 2778
2779 15000 2779
2780 15000 2780
2781 15000 2781
2782 15000 2782
2783 15000 2783
2784 15000 2784
2785 15000 2785
2786 15000 2786
2787 15000 2787
2788 15000 2788
2789 15000 2789
2790 15000 2790
2791 15000 2791
2792 15000 2792
2793 15000 2793
2794 15000 2794
2795 15000 2795
2796 15000 2796
2797 15000 2797
2798 15000 2798
2799 15000 2799
2800 15000 2800
2801 15000 2801
2802 15000 2802
2803 15000 2803
2804 15000 2804
2805 15000 2805
2806 15000 2806
2807 15000 2807
2808 15000 2808
2809 15000 2809
2810 15000 2810
2811 15000 2811
2812 15000 2812
2813 15000 2813
2814 15000 2814
2815 15000 2815
2816 15000 2816
2817 15000 2817
2818 15000 2818
2819 15000 2819
2820 15000 2820
2821 15000 2821
2822 15000 2822
2823 15000 2823
2824 15000 2824
2825 15000 2825
2826 15000 2826
2827 15000 2827
2828 15000 2828
2829 15000 2829
2830 15000 2830
2831 15000 2831
2832 15000 2832
2833 15000 2833
2834 15000 2834
2835 15000 2835
2836 15000 2836
2837 15000 2837
2838 15000 2838
2839 15000 2839
2840 15000 2840
2841 15000 2841
2842 15000 2842
2843 15000 2843
2844 15000 2844
2845 15000 2845
2846 15000 2846
2847 15000 2847
2848 15000 2848
2849 15000 2849
2850 15000 2850
2851 15000 2851
2852 15000 2852
2853 15000 2853
2854 15000 2854
2855 15000 2855
2856 15000 2856
2857 15000 2857
2858 15000 2858
2859 15000 2859
2860 15000 2860
2861 15000 2861
2862 15000 2862
2863 15000 2863
2864 15000 2864
2865 15000 2865
2866 15000 2866
2867 15000 2867
2868 15000 2868
2869 15000 2869
2870 15000 2870
2871 15000 2871
2872 15000 2872
2873 15000 2873
2874 15000 2874
2875 15000 2875
2876 15000 2876
2877 15000 2877
2878 15000 2878
2879 15000 2879
2880 15000 2880
2881 15000 2881
2882 15000 2882
2883 15000 2883
2884 15000 2884
2885 15000 2885
2886 15000 2886
2887 15000 2887
2888 15000 2888
2889 15000 2889
2890 15000 2890
2891 15000 2891
2892 15000 2892
2893 15000 2893
2894 15000 2894
2895 15000 2895
2896 15000 2896
2897 15000 2897
2898 15000 2898
2899 15000 2899
2900 15000 2900
2901 15000 2901
2902 15000 2902
2903 15000 2903
2904 15000 2904
2905 15000 2905
2906 15000 2906
2907 15000 2907
2908 15000 2908
2909 15000 2909
2910 15000 2910
2911 15000 2911
2912 15000 2912
2913 15000 2913
2914 15000 2914
2915 15000 2915
2916 15000 2916
2917 15000 2917
2918 15000 2918
2919 15000 2919
2920 15000 2920
2921 15000 2921
2922 15000 2922
2923 15000 2923
2924 15000 2924
2925 15000 2925
2926 15000 2926
2927 15000 2927
2928 15000 2928
2929 15000 2929
2930 15000 2930
2931 15000 2931
2932 15000 2932
2933 15000 2933
2934 15000 2934
2935 15000 2935
2936 15000 2936
2937 15000 2937
2938 15000 2938
2939 15000 2939
2940 15000 2940
2941 15000 2941
2942 15000 2942
2943 15000 2943
2944 15000 2944
2945 15000 2945
2946 15000 2946
2947 15000 2947
2948 15000 2948
2949 15000 2949
2950 15000 2950
2951 15000 2951
2952 15000 2952
2953 15000 2953
2954 15000 2954
2955 15000 2955
2956 15000 2956
2957 15000 2957
2958 15000 2958
2959 15000 2959
2960 15000 2960
2961 15000 2961
2962 15000 2962
2963 15000 2963
2964 15000 2964
2965 15000 2965
2966 15000 2966
2967 15000 2967
2968 15000 2968
2969 15000 2969
2970 15000 2970
2971 15000 2971
2972 15000 2972
2973 15000 2973
2974 15000 2974
2975 15000 2975
2976 15000 2976
2977 15000 2977
2978 15000 2978
2979 15000 2979
2980 15000 2980
2981 15000 2981
2982 15000 2982
2983 15000 2983
2984 15000 2984
2985 15000 2985
2986 15000 2986
2987 15000 2987
2988 15000 2988
2989 15000 2989
2990 15000 2990
2991 15000 2991
2992 15000 2992
2993 15000 2993
2994 15000 2994
2995 15000 2995
2996 15000 2996
2997 15000 2997
2998 15000 2998
2999 15000 2999
3000 15000 3000
3001 15000 3001
3002 15000 3002
3003 15000 3003
3004 15000 3004
3005 15000 3005
3006 15000 3006
3007 15000 3007
3008 15000 3008
3009 15000 3009
3010 15000 3010
3011 15000 3011
3012 15000 3012
3013 15000 3013
3014 15000 3014
3015 15000 3015
3016 15000 3016
3017 15000 3017
3018 15000 3018
3019 15000 3019
3020 15000 3020
3021 15000 3021
3022 15000 3022
3023 15000 3023
3024 15000 3024
3025 15000 3025
3026 15000 3026
3027 15000 3027
3028 15000 3028
3029 15000 3029
3030 15000 3030
3031 15000 3031
3032 15000 3032
3033 15000 3033
3034 15000 3034
3035 15000 3035
3036 15000 3036
3037 15000 3037
3038 15000 3038
3039 15000 3039
3040 15000 3040
3041 15000 3041
3042 15000 3042
3043 15000 3043
3044 15000 3044
3045 15000 3045
3046 15000 3046
3047 15000 3047
3048 15000 3048
3049 15000 3049
3050 15000 3050
3051 15000 3051
3052 15000 3052
3053 15000 3053
3054 15000 3054
3055 15000 3055
3056 15000 3056
3057 15000 3057
3058 15000 3058
3059 15000 3059
3060 15000 3060
3061 15000 3061
3062 15000 3062
3063 15000 3063
3064 15000 3064
3065 15000 3065
3066 15000 3066
3067 15000 3067
3068 15000 3068
3069 15000 3069
3070 15000 3070
3071 15000 3071
3072 15000 3072
3073 15000 3073
3074 15000 3074
3075 15000 3075
3076 15000 3076
3077 15000 3077
3078 15000 3078
3079 15000 3079
3080 15000 3080
3081 15000 3081
3082 15000 3082
3083 15000 3083
3084 15000 3084
3085 15000 3085
3086 15000 3086
3087 15000 3087
3088 15000 3088
3089 15000 3089
3090 15000 3090
3091 15000 3091
3092 15000 3092
3093 15000 3093
3094 15000 3094
3095 15000 3095
3096 15000 3096
3097 15000 3097
3098 15000 3098
3099 15000 3099
3100 15000 3100
3101 15000 3101
3102 15000 3102
3103 15000 3103
3104 15000 3104
3105 15000 3105
3106 15000 3106
3107 15000 3107
3108 15000 3108
3109 15000 3109
3110 15000 3110
3111 15000 3111
3112 15000 3112
3113 15000 3113
3114 15000 3114
3115 15000 3115
3116 15000 3116
3117 15000 3117
3118 15000 3118
3119 15000 3119
3120 15000 3120
3121 15000 3121
3122 15000 3122
3123 15000 3123
3124 15000 3124
3125 15000 3125
3126 15000 3126
3127 15000 3127
3128 15000 3128
3129 15000 3129
3130 15000 3130
3131 15000 3131
3132 15000 3132
3133 15000 3133
3134 15000 3134
3135 15000 3135
3136 15000 3136
3137 15000 3137
3138 15000 3138
3139 15000 3139
3140 15000 3140
3141 15000 3141
3142 15000 3142
3143 15000 3143
3144 15000 3144
3145 15000 3145
3146 15000 3146
3147 15000 3147
3148 15000 3148
3149 15000 3149
3150 15000 3150
3151 15000 3151
3152 15000 3152
3153 15000 3153
3154 15000 3154
3155 15000 3155
3156 15000 3156
3157 15000 3157
3158 15000 3158
3159 15000 3159
3160 15000 3160
3161 15000 3161
3162 15000 3162
3163 15000 3163
3164 15000 3164
3165 15000 3165
3166 15000 3166
3167 15000 3167
3168 15000 3168
3169 15000 3169
3170 15000 3170
3171 15000 3171
3172 15000 3172
3173 15000 3173
3174 15000 3174
3175 15000 3175
3176 15000 3176
3177 15000 3177
3178 15000 3178
3179 15000 3179
3180 15000 3180
3181 15000 3181
3182 15000 3182
3183 15000 3183
3184 15000 3184
3185 15000 3185
3186 15000 3186
3187 15000 3187
3188 15000 3188
3189 15000 3189
3190 15000 3190
3191 15000 3191
3192 15000 3192
3193 15000 3193
3194 15000 3194
3195 15000 3195
3196 15000 3196
3197 15000 3197
3198 15000 3198
3199 15000 3199
3200 15000 3200
3201 15000 3201
3202 15000 3202
3203 15000 3203
3204 15000 3204
3205 15000 3205
3206 15000 3206
3207 15000 3207
3208 15000 3208
3209 15000 3209
3210 15000 3210
3211 15000 3211
3212 15000 3212
3213 15000 3213
3214 15000 3214
3215 15000 3215
3216 15000 3216
3217 15000 3217
3218 15000 3218
3219 15000 3219
3220 15000 3220
3221 15000 3221
3222 15000 3222
3223 15000 3223
3224 15000 3224
3225 15000 3225
3226 15000 3226
3227 15000 3227
3228 15000 3228
3229 15000 3229
3230 15000 3230
3231 15000 3231
3232 15000 3232
3233 15000 3233
3234 15000 3234
3235 15000 3235
3236 15000 3236
3237 15000 3237
3238 15000 3238
3239 15000 3239
3240 15000 3240
3241 15000 3241
3242 15000 3242
3243 15000 3243
3244 15000 3244
3245 15000 3245
3246 15000 3246
3247 15000 3247
3248 15000 3248
3249 15000 3249
3250 15000 3250
3251 15000 3251
3252 15000 3252
3253 15000 3253
3254 15000 3254
3255 15000 3255
3256 15000 3256
3257 15000 3257
3258 15000 3258
3259 15000 3259
3260 15000 3260
3261 15000 3261
3262 15000 3262
3263 15000 3263
3264 15000 3264
3265 15000 3265
3266 15000 3266
3267 15000 3267
3268 15000 3268
3269 15000 3269
3270 15000 3270
3271 15000 3271
3272 15000 3272
3273 15000 3273
3274 15000 3274
3275 15000 3275
3276 15000 3276
3277 15000 3277
3278 15000 3278
3279 15000 3279
3280 15000 3280
3281 15000 3281
3282 15000 3282
3283 15000 3283
3284 15000 3284
3285 15000 3285
3286 15000 3286
3287 15000 3287
3288 15000 3288
3289 15000 3289
3290 15000 3290
3291 15000 3291
3292 15000 3292
3293 15000 3293
3294 15000 3294
3295 15000 3295
3296 15000 3296
3297 15000 3297
3298 15000 3298
3299 15000 3299
3300 15000 3300
3301 15000 3301
3302 15000 3302
3303 15000 3303
3304 15000 3304
3305 15000 3305
3306 15000 3306
3307 15000 3307
3308 15000 3308
3309 15000 3309
3310 15000 3310
3311 15000 3311
3312 15000 3312
3313 15000 3313
3314 15000 3314
3315 15000 3315
3316 15000 3316
3317 15000 3317
3318 15000 3318
3319 15000 3319
3320 15000 3320
3321 15000 3321
3322 15000 3322
3323 15000 3323
3324 15000 3324
3325 15000 3325
3326 15000 3326
3327 15000 3327
3328 15000 3328
3329 15000 3329
3330 15000 3330
3331 15000 3331
3332 15000 3332
3333 15000 3333
3334 15000 3334
3335 15000 3335
3336 15000 3336
3337 15000 3337
3338 15000 3338
3339 15000 3339
3340 15000 3340
3341 15000 3341
3342 15000 3342
3343 15000 3343
3344 15000 3344
3345 15000 3345
3346 15000 3346
3347 15000 3347
3348 15000 3348
3349 15000 3349
3350 15000 3350
3351 15000 3351
3352 15000 3352
3353 15000 3353
3354 15000 3354
3355 15000 3355
3356 15000 3356
3357 15000 3357
3358 15000 3358
3359 15000 3359
3360 15000 3360
3361 15000 3361
3362 15000 3362
3363 15000 3363
3364 15000 3364
3365 15000 3365
3366 15000 3366
3367 15000 3367
3368 15000 3368
3369 15000 3369
3370 15000 3370
3371 15000 3371
3372 15000 3372
3373 15000 3373
3374 15000 3374
3375 15000 3375
3376 15000 3376
3377 15000 3377
3378 15000 3378
3379 15000 3379
3380 15000 3380
3381 15000 3381
3382 15000 3382
3383 15000 3383
3384 15000 3384
3385 15000 3385
3386 15000 3386
3387 15000 3387
3388 15000 3388
3389 15000 3389
3390 15000 3390
3391 15000 3391
3392 15000 3392
3393 15000 3393
3394 15000 3394
3395 15000 3395
3396 15000 3396
3397 15000 3397
3398 15000 3398
3399 15000 3399
3400 15000 3400
3401 15000 3401
3402 15000 3402
3403 15000 3403
3404 15000 3404
3405 15000 3405
3406 15000 3406
3407 15000 3407
3408 15000 3408
3409 15000 3409
3410 15000 3410
3411 15000 3411
3412 15000 3412
3413 15000 3413
3414 15000 3414
3415 15000 3415
3416 15000 3416
3417 15000 3417
3418 15000 3418
3419 15000 3419
3420 15000 3420
3421 15000 3421
3422 15000 3422
3423 15000 3423
3424 15000 3424
3425 15000 3425
3426 15000 3426
3427 15000 3427
3428 15000 3428
3429 15000 3429
3430 15000 3430
3431 15000 3431
3432 15000 3432
3433 15000 3433
3434 15000 3434
3435 15000 3435
3436 15000 3436
3437 15000 3437
3438 15000 3438
3439 15000 3439
3440 15000 3440
3441 15000 3441
3442 15000 3442
3443 15000 3443
3444 15000 3444
3445 15000 3445
3446 15000 3446
3447 15000 3447
3448 15000 3448
3449 15000 3449
3450 15000 3450
3451 15000 3451
3452 15000 3452
3453 15000 3453
3454 15000 3454
3455 15000 3455
3456 15000 3456
3457 15000 3457
3458 15000 3458
3459 15000 3459
3460 15000 3460
3461 15000 3461
3462 15000 3462
3463 15000 3463
3464 15000 3464
3465 15000 3465
3466 15000 3466
3467 15000 3467
3468 15000 3468
3469 15000 3469
3470 15000 3470
3471 15000 3471
3472 15000 3472
3473 15000 3473
3474 15000 3474
3475 15000 3475
3476 15000 3476
3477 15000 3477
3478 15000 3478
3479 15000 3479
3480 15000 3480
3481 15000 3481
3482 15000 3482
3483 15000 3483
3484 15000 3484
3485 15000 3485
3486 15000 3486
3487 15000 3487
3488 15000 3488
3489 15000 3489
3490 15000 3490
3491 15000 3491
3492 15000 3492
3493 15000 3493
3494 15000 3494
3495 15000 3495
3496 15000 3496
3497 15000 3497
3498 15000 3498
3499 15000 3499
3500 15000 3500
3501 15000 3501
3502 15000 3502
3503 15000 3503
3504 15000 3504
3505 15000 3505
3506 15000 3506
3507 15000 3507
3508 15000 3508
3509 15000 3509
3510 15000 3510
3511 15000 3511
3512 15000 3512
3513 15000 3513
3514 15000 3514
3515 15000 3515
3516 15000 3516
3517 15000 3517
3518 15000 3518
3519 15000 3519
3520 15000 3520
3521 15000 3521
3522 15000 3522
3523 15000 3523
3524 15000 3524
3525 15000 3525
3526 15000 3526
3527 15000 3527
3528 15000 3528
3529 15000 3529
3530 15000 3530
3531 15000 3531
3532 15000 3532
3533 15000 3533
3534 15000 3534
3535 15000 3535
3536 15000 3536
3537 15000 3537
3538 15000 3538
3539 15000 3539
3540 15000 3540
3541 15000 3541
3542 15000 3542
3543 15000 3543
3544 15000 3544
3545 15000 3545
3546 15000 3546
3547 15000 3547
3548 15000 3548
3549 15000 3549
3550 15000 3550
3551 15000 3551
3552 15000 3552
3553 15000 3553
3554 15000 3554
3555 15000 3555
3556 15000 3556
3557 15000 3557
3558 15000 3558
3559 15000 3559
3560 15000 3560
3561 15000 3561
3562 15000 3562
3563 15000 3563
3564 15000 3564
3565 15000 3565
3566 15000 3566
3567 15000 3567
3568 15000 3568
3569 15000 3569
3570 15000 3570
3571 15000 3571
3572 15000 3572
3573 15000 3573
3574 15000 3574
3575 15000 3575
3576 15000 3576
3577 15000 3577
3578 15000 3578
3579 15000 3579
3580 15000 3580
3581 15000 3581
3582 15000 3582
3583 15000 3583
3584 15000 3584
3585 15000 3585
3586 15000 3586
3587 15000 3587
3588 15000 3588
3589 15000 3589
3590 15000 3590
3591 15000 3591
3592 15000 3592
3593 15000 3593
3594 15000 3594
3595 15000 3595
3596 15000 3596
3597 15000 3597
3598 15000 3598
3599 15000 3599
3600 15000 3600
3601 15000 3601
3602 15000 3602
3603 15000 3603
3604 15000 3604
3605 15000 3605
3606 15000 3606
3607 15000 3607
3608 15000 3608
3609 15000 3609
3610 15000 3610
3611 15000 3611
3612 15000 3612
3613 15000 3613
3614 15000 3614
3615 15000 3615
3616 15000 3616
3617 15000 3617
3618 15000 3618
3619 15000 3619
3620 15000 3620
3621 15000 3621
3622 15000 3622
3623 15000 3623
3624 15000 3624
3625 15000 3625
3626 15000 3626
3627 15000 3627
3628 15000 3628
3629 15000 3629
3630 15000 3630
3631 15000 3631
3632 15000 3632
3633 15000 3633
3634 15000 3634
3635 15000 3635
3636 15000 3636
3637 15000 3637
3638 15000 3638
3639 15000 3639
3640 15000 3640
3641 15000 3641
3642 15000 3642
3643 15000 3643
3644 15000 3644
3645 15000 3645
3646 15000 3646
3647 15000 3647
3648 15000 3648
3649 15000 3649
3650 15000 3650
3651 15000 3651
3652 15000 3652
3653 15000 3653
3654 15000 3654
3655 15000 3655
3656 15000 3656
3657 15000 3657
3658 15000 3658
3659 15000 3659
3660 15000 3660
3661 15000 3661
3662 15000 3662
3663 15000 3663
3664 15000 3664
3665 15000 3665
3666 15000 3666
3667 15000 3667
3668 15000 3668
3669 15000 3669
3670 15000 3670
3671 15000 3671
3672 15000 3672
3673 15000 3673
3674 15000 3674
3675 15000 3675
3676 15000 3676
3677 15000 3677
3678 15000 3678
3679 15000 3679
3680 15000 3680
3681 15000 3681
3682 15000 3682
3683 15000 3683
3684 15000 3684
3685 15000 3685
3686 15000 3686
3687 15000 3687
3688 15000 3688
3689 15000 3689
3690 15000 3690
3691 15000 3691
3692 15000 3692
3693 15000 3693
3694 15000 3694
3695 15000 3695
3696 15000 3696
3697 15000 3697
3698 15000 3698
3699 15000 3699
3700 15000 3700
3701 15000 3701
3702 15000 3702
3703 15000 3703
3704 15000 3704
3705 15000 3705
3706 15000 3706
3707 15000 3707
3708 15000 3708
3709 15000 3709
3710 15000 3710
3711 15000 3711
3712 15000 3712
3713 15000 3713
3714 15000 3714
3715 15000 3715
3716 15000 3716
3717 15000 3717
3718 15000 3718
3719 15000 3719
3720 15000 3720
3721 15000 3721
3722 15000 3722
3723 15000 3723
3724 15000 3724
3725 15000 3725
3726 15000 3726
3727 15000 3727
3728 15000 3728
3729 15000 3729
3730 15000 3730
3731 15000 3731
3732 15000 3732
3733 15000 3733
3734 15000 3734
3735 15000 3735
3736 15000 3736
3737 15000 3737
3738 15000 3738
3739 15000 3739
3740 15000 3740
3741 15000 3741
3742 15000 3742
3743 15000 3743
3744 15000 3744
3745 15000 3745
3746 15000 3746
3747 15000 3747
3748 15000 3748
3749 15000 3749
3750 15000 3750
3751 15000 3751
3752 15000 3752
3753 15000 3753
3754 15000 3754
3755 15000 3755
3756 15000 3756
3757 15000 3757
3758 15000 3758
3759 15000 3759
3760 15000 3760
3761 15000 3761
3762 15000 3762
3763 15000 3763
3764 15000 3764
3765 15000 3765
3766 15000 3766
3767 15000 3767
3768 15000 3768
3769 15000 3769
3770 15000 3770
3771 15000 3771
3772 15000 3772
3773 15000 3773
3774 15000 3774
3775 15000 3775
3776 15000 3776
3777 15000 3777
3778 15000 3778
3779 15000 3779
3780 15000 3780
3781 15000 3781
3782 15000 3782
3783 15000 3783
3784 15000 3784
3785 15000 3785
3786 15000 3786
3787 15000 3787
3788 15000 3788
3789 15000 3789
3790 15000 3790
3791 15000 3791
3792 15000 3792
3793 15000 3793
3794 15000 3794
3795 15000 3795
3796 15000 3796
3797 15000 3797
3798 15000 3798
3799 15000 3799
3800 15000 3800
3801 15000 3801
3802 15000 3802
3803 15000 3803
3804 15000 3804
3805 15000 3805
3806 15000 3806
3807 15000 3807
3808 15000 3808
3809 15000 3809
3810 15000 3810
3811 15000 3811
3812 15000 3812
3813 15000 3813
3814 15000 3814
3815 15000 3815
3816 15000 3816
3817 15000 3817
3818 15000 3818
3819 15000 3819
3820 15000 3820
3821 15000 3821
3822 15000 3822
3823 15000 3823
3824 15000 3824
3825 15000 3825
3826 15000 3826
3827 15000 3827
3828 15000 3828
3829 15000 3829
3830 15000 3830
3831 15000 3831
3832 15000 3832
3833 15000 3833
3834 15000 3834
3835 15000 3835
3836 15000 3836
3837 15000 3837
3838 15000 3838
3839 15000 3839
3840 15000 3840
3841 15000 3841
3842 15000 3842
3843 15000 3843
3844 15000 3844
3845 15000 3845
3846 15000 3846
3847 15000 3847
3848 15000 3848
3849 15000 3849
3850 15000 3850
3851 15000 3851
3852 15000 3852
3853 15000 3853
3854 15000 3854
3855 15000 3855
3856 15000 3856
3857 15000 3857
3858 15000 3858
3859 15000 3859
3860 15000 3860
3861 15000 3861
3862 15000 3862
3863 15000 3863
3864 15000 3864
3865 15000 3865
3866 15000 3866
3867 15000 3867
3868 15000 3868
3869 15000 3869
3870 15000 3870
3871 15000 3871
3872 15000 3872
3873 15000 3873
3874 15000 3874
3875 15000 3875
3876 15000 3876
3877 15000 3877
3878 15000 3878
3879 15000 3879
3880 15000 3880
3881 15000 3881
3882 15000 3882
3883 15000 3883
3884 15000 3884
3885 15000 3885
3886 15000 3886
3887 15000 3887
3888 15000 3888
3889 15000 3889
3890 15000 3890
3891 15000 3891
3892 15000 3892
3893 15000 3893
3894 15000 3894
3895 15000 3895
3896 15000 3896
3897 15000 3897
3898 15000 3898
3899 15000 3899
3900 15000 3900
3901 15000 3901
3902 15000 3902
3903 15000 3903
3904 15000 3904
3905 15000 3905
3906 15000 3906
3907 15000 3907
3908 15000 3908
3909 15000 3909
3910 15000 3910
3911 15000 3911
3912 15000 3912
3913 15000 3913
3914 15000 3914
3915 15000 3915
3916 15000 3916
3917 15000 3917
3918 15000 3918
3919 15000 3919
3920 15000 3920
3921 15000 3921
3922 15000 3922
3923 15000 3923
3924 15000 3924
3925 15000 3925
3926 15000 3926
3927 15000 3927
3928 15000 3928
3929 15000 3929
3930 15000 3930
3931 15000 3931
3932 15000 3932
3933 15000 3933
3934 15000 3934
3935 15000 3935
3936 15000 3936
3937 15000 3937
3938 15000 3938
3939 15000 3939
3940 15000 3940
3941 15000 3941
3942 15000 3942
3943 15000 3943
3944 15000 3944
3945 15000 3945
3946 15000 3946
3947 15000 3947
3948 15000 3948
3949 15000 3949
3950 15000 3950
3951 15000 3951
3952 15000 3952
3953 15000 3953
3954 15000 3954
3955 15000 3955
3956 15000 3956
3957 15000 3957
3958 15000 3958
3959 15000 3959
3960 15000 3960
3961 15000 3961
3962 15000 3962
3963 15000 3963
3964 15000 3964
3965 15000 3965
3966 15000 3966
3967 15000 3967
3968 15000 3968
3969 15000 3969
3970 15000 3970
3971 15000 3971
3972 15000 3972
3973 15000 3973
3974 15000 3974
3975 15000 3975
3976 15000 3976
3977 15000 3977
3978 15000 3978
3979 15000 3979
3980 15000 3980
3981 15000 3981
3982 15000 3982
3983 15000 3983
3984 15000 3984
3985 15000 3985
3986 15000 3986
3987 15000 3987
3988 15000 3988
3989 15000 3989
3990 15000 3990
3991 15000 3991
3992 15000 3992
3993 15000 3993
3994 15000 3994
3995 15000 3995
3996 15000 3996
3997 15000 3997
3998 15000 3998
3999 15000 3999
4000 15000 4000
4001 15000 4001
4002 15000 4002
4003 15000 4003
4004 15000 4004
4005 15000 4005
4006 15000 4006
4007 15000 4007
4008 15000 4008
4009 15000 4009
4010 15000 4010
4011 15000 4011
4012 15000 4012
4013 15000 4013
4014 15000 4014
4015 15000 4015
4016 15000 4016
4017 15000 4017
4018 15000 4018
4019 15000 4019
4020 15000 4020
4021 15000 4021
4022 15000 4022
4023 15000 4023
4024 15000 4024
4025 15000 4025
4026 15000 4026
4027 15000 4027
4028 15000 4028
4029 15000 4029
4030 15000 4030
4031 15000 4031
4032 15000 4032
4033 15000 4033
4034 15000 4034
4035 15000 4035
4036 15000 4036
4037 15000 4037
4038 15000 4038
4039 15000 4039
4040 15000 4040
4041 15000 4041
4042 15000 4042
4043 15000 4043
4044 15000 4044
4045 15000 4045
4046 15000 4046
4047 15000 4047
4048 15000 4048
4049 15000 4049
4050 15000 4050
4051 15000 4051
4052 15000 4052
4053 15000 4053
4054 15000 4054
4055 15000 4055
4056 15000 4056
4057 15000 4057
4058 15000 4058
4059 15000 4059
4060 15000 4060
4061 15000 4061
4062 15000 4062
4063 15000 4063
4064 15000 4064
4065 15000 4065
4066 15000 4066
4067 15000 4067
4068 15000 4068
4069 15000 4069
4070 15000 4070
4071 15000 4071
4072 15000 4072
4073 15000 4073
4074 15000 4074
4075 15000 4075
4076 15000 4076
4077 15000 4077
4078 15000 4078
4079 15000 4079
4080 15000 4080
4081 15000 4081
4082 15000 4082
4083 15000 4083
4084 15000 4084
4085 15000 4085
4086 15000 4086
4087 15000 4087
4088 15000 4088
4089 15000 4089
4090 15000 4090
4091 15000 4091
4092 15000 4092
4093 15000 4093
4094 15000 4094
4095 15000 4095
4096 15000 4096
4097 15000 4097
4098 15000 4098
4099 15000 4099
4100 15000 4100
4101 15000 4101
4102 15000 4102
4103 15000 4103
4104 15000 4104
4105 15000 4105
4106 15000 4106
4107 15000 4107
4108 15000 4108
4109 15000 4109
4110 15000 4110
4111 15000 4111
4112 15000 4112
4113 15000 4113
4114 15000 4114
4115 15000 4115
4116 15000 4116
4117 15000 4117
4118 15000 4118
4119 15000 4119
4120 15000 4120
4121 15000 4121
4122 15000 4122
4123 15000 4123
4124 15000 4124
4125 15000 4125
4126 15000 4126
4127 15000 4127
4128 15000 4128
4129 15000 4129
4130 15000 4130
4131 15000 4131
4132 15000 4132
4133 15000 4133
4134 15000 4134
4135 15000 4135
4136 15000 4136
4137 15000 4137
4138 15000 4138
4139 15000 4139
4140 15000 4140
4141 15000 4141
4142 15000 4142
4143 15000 4143
4144 15000 4144
4145 15000 4145
4146 15000 4146
4147 15000 4147
4148 15000 4148
4149 15000 4149
4150 15000 4150
4151 15000 4151
4152 15000 4152
4153 15000 4153
4154 15000 4154
4155 15000 4155
4156 15000 4156
4157 15000 4157
4158 15000 4158
4159 15000 4159
4160 15000 4160
4161 15000 4161
4162 15000 4162
4163 15000 4163
4164 15000 4164
4165 15000 4165
4166 15000 4166
4167 15000 4167
4168 15000 4168
4169 15000 4169
4170 15000 4170
4171 15000 4171
4172 15000 4172
4173 15000 4173
4174 15000 4174
4175 15000 4175
4176 15000 4176
4177 15000 4177
4178 15000 4178
4179 15000 4179
4180 15000 4180
4181 15000 4181
4182 15000 4182
4183 15000 4183
4184 15000 4184
4185 15000 4185
4186 15000 4186
4187 15000 4187
4188 15000 4188
4189 15000 4189
4190 15000 4190
4191 15000 4191
4192 15000 4192
4193 15000 4193
4194 15000 4194
4195 15000 4195
4196 15000 4196
4197 15000 4197
4198 15000 4198
4199 15000 4199
4200 15000 4200
4201 15000 4201
4202 15000 4202
4203 15000 4203
4204 15000 4204
4205 15000 4205
4206 15000 4206
4207 15000 4207
4208 15000 4208
4209 15000 4209
4210 15000 4210
4211 15000 4211
4212 15000 4212
4213 15000 4213
4214 15000 4214
4215 15000 4215
4216 15000 4216
4217 15000 4217
4218 15000 4218
4219 15000 4219
4220 15000 4220
4221 15000 4221
4222 15000 4222
4223 15000 4223
4224 15000 4224
4225 15000 4225
4226 15000 4226
4227 15000 4227
4228 15000 4228
4229 15000 4229
4230 15000 4230
4231 15000 4231
4232 15000 4232
4233 15000 4233
4234 15000 4234
4235 15000 4235
4236 15000 4236
4237 15000 4237
4238 15000 4238
4239 15000 4239
4240 15000 4240
4241 15000 4241
4242 15000 4242
4243 15000 4243
4244 15000 4244
4245 15000 4245
4246 15000 4246
4247 15000 4247
4248 15000 4248
4249 15000 4249
4250 15000 4250
4251 15000 4251
4252 15000 4252
4253 15000 4253
4254 15000 4254
4255 15000 4255
4256 15000 4256
4257 15000 4257
4258 15000 4258
4259 15000 4259
4260 15000 4260
4261 15000 4261
4262 15000 4262
4263 15000 4263
4264 15000 4264
4265 15000 4265
4266 15000 4266
4267 15000 4267
4268 15000 4268
4269 15000 4269
4270 15000 4270
4271 15000 4271
4272 15000 4272
4273 15000 4273
4274 15000 4274
4275 15000 4275
4276 15000 4276
4277 15000 4277
4278 15000 4278
4279 15000 4279
4280 15000 4280
4281 15000 4281
4282 15000 4282
4283 15000 4283
4284 15000 4284
4285 15000 4285
4286 15000 4286
4287 15000 4287
4288 15000 4288
4289 15000 4289
4290 15000 4290
4291 15000 4291
4292 15000 4292
4293 15000 4293
4294 15000 4294
4295 15000 4295
4296 15000 4296
4297 15000 4297
4298 15000 4298
4299 15000 4299
4300 15000 4300
4301 15000 4301
4302 15000 4302
4303 15000 4303
4304 15000 4304
4305 15000 4305
4306 15000 4306
4307 15000 4307
4308 15000 4308
4309 15000 4309
4310 15000 4310
4311 15000 4311
4312 15000 4312
4313 15000 4313
4314 15000 4314
4315 15000 4315
4316 15000 4316
4317 15000 4317
4318 15000 4318
4319 15000 4319
4320 15000 4320
4321 15000 4321
4322 15000 4322
4323 15000 4323
4324 15000 4324
4325 15000 4325
4326 15000 4326
4327 15000 4327
4328 15000 4328
4329 15000 4329
4330 15000 4330
4331 15000 4331
4332 15000 4332
4333 15000 4333
4334 15000 4334
4335 15000 4335
4336 15000 4336
4337 15000 4337
4338 15000 4338
4339 15000 4339
4340 15000 4340
4341 15000 4341
4342 15000 4342
4343 15000 4343
4344 15000 4344
4345 15000 4345
4346 15000 4346
4347 15000 4347
4348 15000 4348
4349 15000 4349
4350 15000 4350
4351 15000 4351
4352 15000 4352
4353 15000 4353
4354 15000 4354
4355 15000 4355
4356 15000 4356
4357 15000 4357
4358 15000 4358
4359 15000 4359
4360 15000 4360
4361 15000 4361
4362 15000 4362
4363 15000 4363
4364 15000 4364
4365 15000 4365
4366 15000 4366
4367 15000 4367
4368 15000 4368
4369 15000 4369
4370 15000 4370
4371 15000 4371
4372 15000 4372
4373 15000 4373
4374 15000 4374
4375 15000 4375
4376 15000 4376
4377 15000 4377
4378 15000 4378
4379 15000 4379
4380 15000 4380
4381 15000 4381
4382 15000 4382
4383 15000 4383
4384 15000 4384
4385 15000 4385
4386 15000 4386
4387 15000 4387
4388 15000 4388
4389 15000 4389
4390 15000 4390
4391 15000 4391
4392 15000 4392
4393 15000 4393
4394 15000 4394
4395 15000 4395
4396 15000 4396
4397 15000 4397
4398 15000 4398
4399 15000 4399
4400 15000 4400
4401 15000 4401
4402 15000 4402
4403 15000 4403
4404 15000 4404
4405 15000 4405
4406 15000 4406
4407 15000 4407
4408 15000 4408
4409 15000 4409
4410 15000 4410
4411 15000 4411
4412 15000 4412
4413 15000 4413
4414 15000 4414
4415 15000 4415
4416 15000 4416
4417 15000 4417
4418 15000 4418
4419 15000 4419
4420 15000 4420
4421 15000 4421
4422 15000 4422
4423 15000 4423
4424 15000 4424
4425 15000 4425
4426 15000 4426
4427 15000 4427
4428 15000 4428
4429 15000 4429
4430 15000 4430
4431 15000 4431
4432 15000 4432
4433 15000 4433
4434 15000 4434
4435 15000 4435
4436 15000 4436
4437 15000 4437
4438 15000 4438
4439 15000 4439
4440 15000 4440
4441 15000 4441
4442 15000 4442
4443 15000 4443
4444 15000 4444
4445 15000 4445
4446 15000 4446
4447 15000 4447
4448 15000 4448
4449 15000 4449
4450 15000 4450
4451 15000 4451
4452 15000 4452
4453 15000 4453
4454 15000 4454
4455 15000 4455
4456 15000 4456
4457 15000 4457
4458 15000 4458
4459 15000 4459
4460 15000 4460
4461 15000 4461
4462 15000 4462
4463 15000 4463
4464 15000 4464
4465 15000 4465
4466 15000 4466
4467 15000 4467
4468 15000 4468
4469 15000 4469
4470 15000 4470
4471 15000 4471
4472 15000 4472
4473 15000 4473
4474 15000 4474
4475 15000 4475
4476 15000 4476
4477 15000 4477
4478 15000 4478
4479 15000 4479
4480 15000 4480
4481 15000 4481
4482 15000 4482
4483 15000 4483
4484 15000 4484
4485 15000 4485
4486 15000 4486
4487 15000 4487
4488 15000 4488
4489 15000 4489
4490 15000 4490
4491 15000 4491
4492 15000 4492
4493 15000 4493
4494 15000 4494
4495 15000 4495
4496 15000 4496
4497 15000 4497
4498 15000 4498
4499 15000 4499
4500 15000 4500
4501 15000 4501
4502 15000 4502
4503 15000 4503
4504 15000 4504
4505 15000 4505
4506 15000 4506
4507 15000 4507
4508 15000 4508
4509 15000 4509
4510 15000 4510
4511 15000 4511
4512 15000 4512
4513 15000 4513
4514 15000 4514
4515 15000 4515
4516 15000 4516
4517 15000 4517
4518 15000 4518
4519 15000 4519
4520 15000 4520
4521 15000 4521
4522 15000 4522
4523 15000 4523
4524 15000 4524
4525 15000 4525
4526 15000 4526
4527 15000 4527
4528 15000 4528
4529 15000 4529
4530 15000 4530
4531 15000 4531
4532 15000 4532
4533 15000 4533
4534 15000 4534
4535 15000 4535
4536 15000 4536
4537 15000 4537
4538 15000 4538
4539 15000 4539
4540 15000 4540
4541 15000 4541
4542 15000 4542
4543 15000 4543
4544 15000 4544
4545 15000 4545
4546 15000 4546
4547 15000 4547
4548 15000 4548
4549 15000 4549
4550 15000 4550
4551 15000 4551
4552 15000 4552
4553 15000 4553
4554 15000 4554
4555 15000 4555
4556 15000 4556
4557 15000 4557
4558 15000 4558
4559 15000 4559
4560 15000 4560
4561 15000 4561
4562 15000 4562
4563 15000 4563
4564 15000 4564
4565 15000 4565
4566 15000 4566
4567 15000 4567
4568 15000 4568
4569 15000 4569
4570 15000 4570
4571 15000 4571
4572 15000 4572
4573 15000 4573
4574 15000 4574
4575 15000 4575
4576 15000 4576
4577 15000 4577
4578 15000 4578
4579 15000 4579
4580 15000 4580
4581 15000 4581
4582 15000 4582
4583 15000 4583
4584 15000 4584
4585 15000 4585
4586 15000 4586
4587 15000 4587
4588 15000 4588
4589 15000 4589
4590 15000 4590
4591 15000 4591
4592 15000 4592
4593 15000 4593
4594 15000 4594
4595 15000 4595
4596 15000 4596
4597 15000 4597
4598 15000 4598
4599 15000 4599
4600 15000 4600
4601 15000 4601
4602 15000 4602
4603 15000 4603
4604 15000 4604
4605 15000 4605
4606 15000 4606
4607 15000 4607
4608 15000 4608
4609 15000 4609
4610 15000 4610
4611 15000 4611
4612 15000 4612
4613 15000 4613
4614 15000 4614
4615 15000 4615
4616 15000 4616
4617 15000 4617
4618 15000 4618
4619 15000 4619
4620 15000 4620
4621 15000 4621
4622 15000 4622
4623 15000 4623
4624 15000 4624
4625 15000 4625
4626 15000 4626
4627 15000 4627
4628 15000 4628
4629 15000 4629
4630 15000 4630
4631 15000 4631
4632 15000 4632
4633 15000 4633
4634 15000 4634
4635 15000 4635
4636 15000 4636
4637 15000 4637
4638 15000 4638
4639 15000 4639
4640 15000 4640
4641 15000 4641
4642 15000 4642
4643 15000 4643
4644 15000 4644
4645 15000 4645
4646 15000 4646
4647 15000 4647
4648 15000 4648
4649 15000 4649
4650 15000 4650
4651 15000 4651
4652 15000 4652
4653 15000 4653
4654 15000 4654
4655 15000 4655
4656 15000 4656
4657 15000 4657
4658 15000 4658
4659 15000 4659
4660 15000 4660
4661 15000 4661
4662 15000 4662
4663 15000 4663
4664 15000 4664
4665 15000 4665
4666 15000 4666
4667 15000 4667
4668 15000 4668
4669 15000 4669
4670 15000 4670
4671 15000 4671
4672 15000 4672
4673 15000 4673
4674 15000 4674
4675 15000 4675
4676 15000 4676
4677 15000 4677
4678 15000 4678
4679 15000 4679
4680 15000 4680
4681 15000 4681
4682 15000 4682
4683 15000 4683
4684 15000 4684
4685 15000 4685
4686 15000 4686
4687 15000 4687
4688 15000 4688
4689 15000 4689
4690 15000 4690
4691 15000 4691
4692 15000 4692
4693 15000 4693
4694 15000 4694
4695 15000 4695
4696 15000 4696
4697 15000 4697
4698 15000 4698
4699 15000 4699
4700 15000 4700
4701 15000 4701
4702 15000 4702
4703 15000 4703
4704 15000 4704
4705 15000 4705
4706 15000 4706
4707 15000 4707
4708 15000 4708
4709 15000 4709
4710 15000 4710
4711 15000 4711
4712 15000 4712
4713 15000 4713
4714 15000 4714
4715 15000 4715
4716 15000 4716
4717 15000 4717
4718 15000 4718
4719 15000 4719
4720 15000 4720
4721 15000 4721
4722 15000 4722
4723 15000 4723
4724 15000 4724
4725 15000 4725
4726 15000 4726
4727 15000 4727
4728 15000 4728
4729 15000 4729
4730 15000 4730
4731 15000 4731
4732 15000 4732
4733 15000 4733
4734 15000 4734
4735 15000 4735
4736 15000 4736
4737 15000 4737
4738 15000 4738
4739 15000 4739
4740 15000 4740
4741 15000 4741
4742 15000 4742
4743 15000 4743
4744 15000 4744
4745 15000 4745
4746 15000 4746
4747 15000 4747
4748 15000 4748
4749 15000 4749
4750 15000 4750
4751 15000 4751
4752 15000 4752
4753 15000 4753
4754 15000 4754
4755 15000 4755
4756 15000 4756
4757 15000 4757
4758 15000 4758
4759 15000 4759
4760 15000 4760
4761 15000 4761
4762 15000 4762
4763 15000 4763
4764 15000 4764
4765 15000 4765
4766 15000 4766
4767 15000 4767
4768 15000 4768
4769 15000 4769
4770 15000 4770
4771 15000 4771
4772 15000 4772
4773 15000 4773
4774 15000 4774
4775 15000 4775
4776 15000 4776
4777 15000 4777
4778 15000 4778
4779 15000 4779
4780 15000 4780
4781 15000 4781
4782 15000 4782
4783 15000 4783
4784 15000 4784
4785 15000 4785
4786 15000 4786
4787 15000 4787
4788 15000 4788
4789 15000 4789
4790 15000 4790
4791 15000 4791
4792 15000 4792
4793 15000 4793
4794 15000 4794
4795 15000 4795
4796 15000 4796
4797 15000 4797
4798 15000 4798
4799 15000 4799
4800 15000 4800
4801 15000 4801
4802 15000 4802
4803 15000 4803
4804 15000 4804
4805 15000 4805
4806 15000 4806
4807 15000 4807
4808 15000 4808
4809 15000 4809
4810 15000 4810
4811 15000 4811
4812 15000 4812
4813 15000 4813
4814 15000 4814
4815 15000 4815
4816 15000 4816
4817 15000 4817
4818 15000 4818
4819 15000 4819
4820 15000 4820
4821 15000 4821
4822 15000 4822
4823 15000 4823
4824 15000 4824
4825 15000 4825
4826 15000 4826
4827 15000 4827
4828 15000 4828
4829 15000 4829
4830 15000 4830
4831 15000 4831
4832 15000 4832
4833 15000 4833
4834 15000 4834
4835 15000 4835
4836 15000 4836
4837 15000 4837
4838 15000 4838
4839 15000 4839
4840 15000 4840
4841 15000 4841
4842 15000 4842
4843 15000 4843
4844 15000 4844
4845 15000 4845
4846 15000 4846
4847 15000 4847
4848 15000 4848
4849 15000 4849
4850 15000 4850
4851 15000 4851
4852 15000 4852
4853 15000 4853
4854 15000 4854
4855 15000 4855
4856 15000 4856
4857 15000 4857
4858 15000 4858
4859 15000 4859
4860 15000 4860
4861 15000 4861
4862 15000 4862
4863 15000 4863
4864 15000 4864
4865 15000 4865
4866 15000 4866
4867 15000 4867
4868 15000 4868
4869 15000 4869
4870 15000 4870
4871 15000 4871
4872 15000 4872
4873 15000 4873
4874 15000 4874
4875 15000 4875
4876 15000 4876
4877 15000 4877
4878 15000 4878
4879 15000 4879
4880 15000 4880
4881 15000 4881
4882 15000 4882
4883 15000 4883
4884 15000 4884
4885 15000 4885
4886 15000 4886
4887 15000 4887
4888 15000 4888
4889 15000 4889
4890 15000 4890
4891 15000 4891
4892 15000 4892
4893 15000 4893
4894 15000 4894
4895 15000 4895
4896 15000 4896
4897 15000 4897
4898 15000 4898
4899 15000 4899
4900 15000 4900
4901 15000 4901
4902 15000 4902
4903 15000 4903
4904 15000 4904
4905 15000 4905
4906 15000 4906
4907 15000 4907
4908 15000 4908
4909 15000 4909
4910 15000 4910
4911 15000 4911
4912 15000 4912
4913 15000 4913
4914 15000 4914
4915 15000 4915
4916 15000 4916
4917 15000 4917
4918 15000 4918
4919 15000 4919
4920 15000 4920
4921 15000 4921
4922 15000 4922
4923 15000 4923
4924 15000 4924
4925 15000 4925
4926 15000 4926
4927 15000 4927
4928 15000 4928
4929 15000 4929
4930 15000 4930
4931 15000 4931
4932 15000 4932
4933 15000 4933
4934 15000 4934
4935 15000 4935
4936 15000 4936
4937 15000 4937
4938 15000 4938
4939 15000 4939
4940 15000 4940
4941 15000 4941
4942 15000 4942
4943 15000 4943
4944 15000 4944
4945 15000 4945
4946 15000 4946
4947 15000 4947
4948 15000 4948
4949 15000 4949
4950 15000 4950
4951 15000 4951
4952 15000 4952
4953 15000 4953
4954 15000 4954
4955 15000 4955
4956 15000 4956
4957 15000 4957
4958 15000 4958
4959 15000 4959
4960 15000 4960
4961 15000 4961
4962 15000 4962
4963 15000 4963
4964 15000 4964
4965 15000 4965
4966 15000 4966
4967 15000 4967
4968 15000 4968
4969 15000 4969
4970 15000 4970
4971 15000 4971
4972 15000 4972
4973 15000 4973
4974 15000 4974
4975 15000 4975
4976 15000 4976
4977 15000 4977
4978 15000 4978
4979 15000 4979
4980 15000 4980
4981 15000 4981
4982 15000 4982
4983 15000 4983
4984 15000 4984
4985 15000 4985
4986 15000 4986
4987 15000 4987
4988 15000 4988
4989 15000 4989
4990 15000 4990
4991 15000 4991
4992 15000 4992
4993 15000 4993
4994 15000 4994
4995 15000 4995
4996 15000 4996
4997 15000 4997
4998 15000 4998
4999 15000 4999
5000 15000 5000
