     0     0     0     0     0     0     0     0     0     0     0     0     0     0     0     0     0 49352     0     0     0     0     0     0     0     0     0     0     0     0     0     0     0     0 68589     0     0     0     0     0     0     0     0     0     0     0     0     0     0     0     0
     0     0 89495     0     0     0     0     0     0     0     0     0     0     0     0     0     0 55640     0     0     0     0     0     0     0     0     0     0     0     0     0     0     0     0  4764     0     0     0     0     0     0     0     0     0     0     0     0     0     0     0     0
     0     0 61291     0     0     0     0     0     0     0     0     0     0     0     0     0     0 83431     0     0     0     0     0     0     0     0     0     0     0     0     0     0     0     0 74077     0     0     0     0     0     0     0     0     0     0     0     0     0     0     0     0
     0     0 90984     0     0     0     0     0     0     0     0     0     0     0     0     0     0  1008     0     0     0     0     0     0     0     0     0     0     0     0     0     0     0     0 82456     0     0     0     0     0     0     0     0     0     0     0     0     0     0     0     0
  1413  7070 71353 80723 52166 69515 99097 98404 36225 40320 29106 18675 10034 37265 60104 80076 73710 90457     0     0     0     0     0     0     0     0     0     0     0     0     0     0     0     0 14226     0     0     0     0     0     0     0     0     0     0     0     0     0     0     0     0
     0     0  9462     0     0     0     0     0     0     0     0     0     0     0     0     0     0 25090     0     0     0     0     0     0     0     0     0     0     0     0     0     0     0     0  5380     0     0     0     0     0     0     0     0     0     0     0     0     0     0     0     0
     0     0 13697     0     0     0     0     0     0     0     0     0     0     0     0     0     0 47253     0     0     0     0     0     0     0     0     0     0     0     0     0     0     0     0 96152     0     0     0     0     0     0     0     0     0     0     0     0     0     0     0     0
     0     0 69112     0     0     0     0     0     0     0     0     0     0     0     0     0     0 23895     0     0     0     0     0     0     0     0     0     0     0     0     0     0     0     0 69145     0     0     0     0     0     0     0     0     0     0     0     0     0     0     0     0
     0     0 41732     0     0     0     0     0     0     0     0     0     0     0     0     0     0 97490     0     0     0     0     0     0     0     0     0     0     0     0     0     0     0     0 90843     0     0     0     0     0     0     0     0     0     0     0     0     0     0     0     0
     0     0 17587     0     0     0     0     0     0     0     0     0     0     0     0     0     0  2494     0     0     0     0     0     0     0     0     0     0     0     0     0     0     0     0 44874     0     0     0     0     0     0     0     0     0     0     0     0     0     0     0     0
     0     0 86153     0     0     0     0     0     0     0     0     0     0     0     0     0     0 41356     0     0     0     0     0     0     0     0     0     0     0     0     0     0     0     0 10876     0     0     0     0     0     0     0     0     0     0     0     0     0     0     0     0
     0     0 56839     0     0     0     0     0     0     0     0     0     0     0     0     0     0 72226     0     0     0     0     0     0     0     0     0     0     0     0     0     0     0     0  2691     0     0     0     0     0     0     0     0     0     0     0     0     0     0     0     0
 12492 67420 31549  9586 69482 18932 50922 60269  1071 18375 78173 64679 31941 83095  1839 78643 90116   456 87907 30632 86929 84147 19424  2936 68934 24559 50284 40905 48701 99110 91894 77545 82881 23442 87130 52363 42373 54403 28983 59795 72777  7155 40825 21069  6601 42663 99711 96717 43119  3970 43700
     0     0     0     0     0     0     0     0     0     0     0     0     0     0     0     0     0 72853     0     0     0     0     0     0     0     0     0     0     0     0     0     0     0     0 95724     0     0     0     0     0     0     0     0     0     0     0     0     0     0     0     0
     0     0     0     0     0     0     0     0     0     0     0     0     0     0     0     0     0 63063     0     0     0     0     0     0     0     0     0     0     0     0     0     0     0     0 82764     0     0     0     0     0     0     0     0     0     0     0     0     0     0     0     0
 91738 34539  1365 86696 47112 97737 26733 54997 83374 77051 49325 60668    -1 76520 12846 68055 91407 87775     0     0     0     0     0     0     0     0     0     0     0     0     0     0     0     0 40439     0     0     0     0     0     0     0     0     0     0     0     0     0     0     0     0
     0     0     0     0     0     0     0     0     0     0     0     0     0     0     0     0     0 44762     0     0     0     0     0     0     0     0     0     0     0     0     0     0     0     0 63779     0     0     0     0     0     0     0     0     0     0     0     0     0     0     0     0
     0     0     0     0     0     0     0     0     0     0     0     0     0     0     0     0     0 26315     0     0     0     0     0     0     0     0     0     0     0     0     0     0     0     0 88775     0     0     0     0     0     0     0     0     0     0     0     0     0     0     0     0
     0     0     0     0     0     0     0     0     0     0     0     0     0     0     0     0     0 90203     0     0     0     0     0     0     0     0     0     0     0     0     0     0     0     0 31845     0     0     0     0     0     0     0     0     0     0     0     0     0     0     0     0
     0     0     0     0     0     0     0     0     0     0     0     0     0     0     0     0     0 55697     0     0     0     0     0     0     0     0     0     0     0     0     0     0     0     0 35325     0     0     0     0     0     0     0     0     0     0     0     0     0     0     0     0
     0     0     0     0     0     0     0     0     0     0     0     0     0     0     0     0     0 34628     0     0     0     0     0     0     0     0     0     0     0     0     0     0     0     0 12972     0     0     0     0     0     0     0     0     0     0     0     0     0     0     0     0
     0     0     0     0     0     0     0     0     0     0     0     0     0     0     0     0     0 54492     0     0     0     0     0     0     0     0     0     0     0     0     0     0     0     0 13795     0     0     0     0     0     0     0     0     0     0     0     0     0     0     0     0
     0     0     0     0     0     0     0     0     0     0     0     0     0     0     0     0     0 86380     0     0     0     0     0     0     0     0     0     0     0     0     0     0     0     0 24587     0     0     0     0     0     0     0     0     0     0     0     0     0     0     0     0
     0     0     0     0     0     0     0     0     0     0     0     0     0     0     0     0     0 15853     0     0     0     0     0     0     0     0     0     0     0     0     0     0     0     0  9790     0     0     0     0     0     0     0     0     0     0     0     0     0     0     0     0
     0     0     0     0     0     0     0     0     0     0     0     0     0     0     0     0     0 65511     0     0     0     0     0     0     0     0     0     0     0     0     0     0     0     0 98793     0     0     0     0     0     0     0     0     0     0     0     0     0     0     0     0
 46399  4468 63123 65687 89753  4033 32322 30658 52734 47783 22551 46630 30664 62345 50111 99378  4717  4513 28360 80864 77290 51866 21688 98358 58467 64351 14421 71535 23821 18390 15234 86571 39209 94708 52257 28962 98740   931 75971 67825 48713 14873 14454 79376 77217 64564 78753 98286 69077 23464 79149
     0     0     0     0     0     0     0     0     0     0     0     0     0     0     0     0     0     0     0     0     0     0     0     0     0 49064     0     0     0     0     0     0     0     0     0     0     0     0     0     0     0     0     0     0     0     0     0     0     0     0     0
     0     0     0     0     0     0     0     0     0     0     0     0     0     0     0     0     0     0     0     0     0     0     0     0     0 39756     0     0     0     0     0     0     0     0     0     0     0     0     0     0     0     0     0     0     0     0     0     0     0     0     0
     0     0     0     0     0     0     0     0     0     0     0     0     0     0     0     0     0     0     0     0     0     0     0     0     0 73124     0     0     0     0     0     0     0     0     0     0     0     0     0     0     0     0     0     0     0     0     0     0     0     0     0
     0     0     0     0     0     0     0     0     0     0     0     0     0     0     0     0     0     0     0     0     0     0     0     0     0 19135     0     0     0     0     0     0     0     0     0     0     0     0     0     0     0     0     0     0     0     0     0     0     0     0     0
     0     0     0     0     0     0     0     0     0     0     0     0     0     0     0     0     0     0     0     0     0     0     0     0     0 87820     0     0     0     0     0     0     0     0     0     0     0     0     0     0     0     0     0     0     0     0     0     0     0     0     0
     0     0     0     0     0     0     0     0     0     0     0     0     0     0     0     0     0     0     0     0     0     0     0     0     0 47693     0     0     0     0     0     0     0     0     0     0     0     0     0     0     0     0     0     0     0     0     0     0     0     0     0
     0     0     0     0     0     0     0     0     0     0     0     0     0     0     0     0     0     0     0     0     0     0     0     0     0 82936     0     0     0     0     0     0     0     0     0     0     0     0     0     0     0     0     0     0     0     0     0     0     0     0     0
     0     0     0     0     0     0     0     0     0     0     0     0     0     0     0     0     0     0     0     0     0     0     0     0     0 11887     0     0     0     0     0     0     0     0     0     0     0     0     0     0     0     0     0     0     0     0     0     0     0     0     0
     0     0     0     0     0     0     0     0     0     0     0     0     0     0     0     0     0     0     0     0     0     0     0     0     0    80     0     0     0     0     0     0     0     0     0     0     0     0     0     0     0     0     0     0     0     0     0     0     0     0     0
     0     0     0     0     0     0     0     0     0     0     0     0     0     0     0     0     0     0     0     0     0     0     0     0     0 28167     0     0     0     0     0     0     0     0     0     0     0     0     0     0     0     0     0     0     0     0     0     0     0     0     0
     0     0     0     0     0     0     0     0     0     0     0     0     0     0     0     0     0     0     0     0     0     0     0     0     0 27894     0     0     0     0     0     0     0     0     0     0     0     0     0     0     0     0     0     0     0     0     0     0     0     0     0
 62718 75330 17188 77427 50148 97890 91847 21682 38062 26588 53267 24633 65797 47974 93241 11110 63065 94171 87080 30890 42884 18304 45343 38611 95521  9907 17364 93806 95335 40827 89306 58052 32508 22845 35478 82655 20735 27325 20688 58796 70264 73954 99780 52412 38279 93021 63521  1344 87191 66952 32233
     0     0     0     0     0     0     0     0     0     0     0     0     0     0     0     0     0     0     0     0     0     0     0     0     0     0     0     0     0     0     0     0     0     0     0     0     0     0     0     0     0     0     0     0     0     0     0     0     0     0     0
     0     0     0     0     0     0     0     0     0     0     0     0     0     0     0     0     0     0     0     0     0     0     0     0     0     0     0     0     0     0     0     0     0     0     0     0     0     0     0     0     0     0     0     0     0     0     0     0     0     0     0
     0     0     0     0     0     0     0     0     0     0     0     0     0     0     0     0     0     0     0     0     0     0     0     0     0     0     0     0     0     0     0     0     0     0     0     0     0     0     0     0     0     0     0     0     0     0     0     0     0     0     0
     0     0     0     0     0     0     0     0     0     0     0     0     0     0     0     0     0     0     0     0     0     0     0     0     0     0     0     0     0     0     0     0     0     0     0     0     0     0     0     0     0     0     0     0     0     0     0     0     0     0     0
     0     0     0     0     0     0     0     0     0     0     0     0     0     0     0     0     0     0     0     0     0     0     0     0     0     0     0     0     0     0     0     0     0     0     0     0     0     0     0     0     0     0     0     0     0     0     0     0     0     0     0
     0     0     0     0     0     0     0     0     0     0     0     0     0     0     0     0     0     0     0     0     0     0     0     0     0     0     0     0     0     0     0     0     0     0     0     0     0     0     0     0     0     0     0     0     0     0     0     0     0     0     0
     0     0     0     0     0     0     0     0     0     0     0     0     0     0     0     0     0     0     0     0     0     0     0     0     0     0     0     0     0     0     0     0     0     0     0     0     0     0     0     0     0     0     0     0     0     0     0     0     0     0     0
     0     0     0     0     0     0     0     0     0     0     0     0     0     0     0     0     0     0     0     0     0     0     0     0     0     0     0     0     0     0     0     0     0     0     0     0     0     0     0     0     0     0     0     0     0     0     0     0     0     0     0
     0     0     0     0     0     0     0     0     0     0     0     0     0     0     0     0     0     0     0     0     0     0     0     0     0     0     0     0     0     0     0     0     0     0     0     0     0     0     0     0     0     0     0     0     0     0     0     0     0     0     0
     0     0     0     0     0     0     0     0     0     0     0     0     0     0     0     0     0     0     0     0     0     0     0     0     0     0     0     0     0     0     0     0     0     0     0     0     0     0     0     0     0     0     0     0     0     0     0     0     0     0     0
     0     0     0     0     0     0     0     0     0     0     0     0     0     0     0     0     0     0     0     0     0     0     0     0     0     0     0     0     0     0     0     0     0     0     0     0     0     0     0     0     0     0     0     0     0     0     0     0     0     0     0
     0     0     0     0     0     0     0     0     0     0     0     0     0     0     0     0     0     0     0     0     0     0     0     0     0     0     0     0     0     0     0     0     0     0     0     0     0     0     0     0     0     0     0     0     0     0     0     0     0     0     0
 46426 85256 77575 85037 80776  3833 18752 90933 15519 75930 96590 73570  8438 19434  9048  7444 56520 52724 44484 31668 39339 18437 31447 91751 56716 24467 71623 58059 28010 38575  6643 74435 40182   569 75823 37309  4402 94574 28241 19920 70504 41182  9842 95293 76967 35241 19088 33487  4316 63571 81506
 65169     0  6559     0 31800     0 92743     0 24980     0 24204     0     0     0     0     0     0     0     0     0 38011     0     0     0     0     0     0     0     0     0 60902 18626     0 12970     0 71975     0 74709     0 33482 81802     0     0     0     0     0     0     0     0     0     0
     0 95923     0 32523     0 50745     0  5810     0 92208 81387     0     0     0     0     0     0     0     0     0 29819     0     0     0 48774     0     0     0     0     0 35529     0 90287     0    -1     0 62130     0 63600     0 43371     0     0     0     0     0     0     0     0     0     0
 35802     0 34219     0 36629     0 34760     0 88165     0 44938     0     0     0     0     0     0     0     0     0 93648     0     0     0 54941     0     0     0     0     0 97663 26450     0 62449     0 43531     0 99149     0  7512  9282     0     0     0     0     0     0     0     0     0     0
     0 28697     0 46994     0 58256     0 10004     0 90989 60854     0     0     0     0     0     0     0     0     0 94666     0     0     0 24174     0     0     0     0     0 30997     0    -1     0 87587     0 57140     0 66774     0 74102     0     0     0     0     0     0     0     0     0     0
 71979     0  4482     0 45548     0 15323     0 30174     0  3447     0     0     0     0     0     0     0     0     0 26209     0     0     0 97801     0     0     0     0     0 28051 67892     0 58106     0 42769     0 53732     0 10128 97470     0     0     0     0     0     0     0     0     0     0
     0 34807     0 19536     0 11356     0 32985     0 27366 67121     0     0     0     0     0     0     0     0     0 55356     0     0     0 36648     0     0     0     0     0 62788     0 11537     0 39597     0 18478     0 71476     0 69950     0     0     0     0     0     0     0     0     0     0
 50784     0 90833     0 40374     0 25626     0 32790     0 76876     0     0     0     0     0     0     0     0     0 24398     0     0     0 87475     0     0     0     0     0 25352 14959     0 91424     0 20575     0 14042     0  3138 37830     0     0     0     0     0     0     0     0     0     0
     0  1712     0 36228     0 25621     0 61419     0 82187 24623     0     0     0     0     0     0     0     0     0  4390     0     0     0 26704     0     0     0     0     0 99343     0 47077     0 73994     0 25010     0 90272     0 23045     0     0     0     0     0     0     0     0     0     0
 64825     0 90271     0  2371     0 40524     0 64093     0 13389     0     0     0     0     0     0     0     0     0 42690     0     0     0 42324     0     0     0     0     0 65924 40038     0 17186     0 36352     0 25840     0 37748 39245     0     0     0     0     0     0     0     0     0     0
     0 89207     0 56656     0 45357     0 78182     0 63757 89379     0     0     0     0     0     0     0     0     0 88154     0     0     0 15695     0     0     0     0     0 65877     0 47377     0 52944     0 38638     0 52871     0 16517     0     0     0     0     0     0     0     0     0     0
  3947     0 32092     0 88013     0 54653     0 31359     0 34574     0     0     0     0     0     0     0     0     0 31713     0     0     0 87367     0     0     0     0     0 80635 33518     0    -1     0 53007     0 47153     0 44791 61682     0     0     0     0     0     0     0     0     0     0
     0 73727     0 70185     0 96894     0 81975     0 24261 24206     0     0     0     0     0     0     0     0     0 62988     0     0     0 52356     0     0     0     0     0 80076     0 64279     0 85096     0 16926     0 81946     0 83611     0     0     0     0     0     0     0     0     0     0
 43654 98360 12952 51756 71427 53771 23379 45837 98132 78305 52479 88918 18486 53047 64741 55794 73800 75666   386 10072 62521 57919 19913 74165 34885 55153 93253 84723 59468 73175 66228 19473 71534 95532 71229 42960 65654 10959  5148 63785 89263 57626 69054 24100 10673 33794 96245   824 25812 96630 10895
     0     0     0     0     0     0     0     0     0     0     0     0     0     0     0     0     0     0     0     0     0     0     0     0     0     0     0     0     0     0     0     0     0     0     0     0     0     0     0     0     0     0     0     0     0     0     0     0     0     0     0
     0     0     0     0     0     0     0     0     0     0     0     0     0     0     0     0     0     0     0     0     0     0     0     0     0     0     0     0     0     0     0     0     0     0     0     0     0     0     0     0     0     0     0     0     0     0     0     0     0     0     0
     0     0     0     0     0     0     0     0     0     0     0     0     0     0     0     0     0     0     0     0     0     0     0     0     0     0     0     0     0     0     0     0     0     0     0     0     0     0     0     0     0     0     0     0     0     0     0     0     0     0     0
     0     0     0     0     0     0     0     0     0     0     0     0     0     0     0     0     0     0     0     0     0     0     0     0     0     0     0     0     0     0     0     0     0     0     0     0     0     0     0     0     0     0     0     0     0     0     0     0     0     0     0
     0     0     0     0     0     0     0     0     0     0     0     0     0     0     0     0     0     0     0     0     0     0     0     0     0     0     0     0     0     0     0     0     0     0     0     0     0     0     0     0     0     0     0     0     0     0     0     0     0     0     0
     0     0     0     0     0     0     0     0     0     0     0     0     0     0     0     0     0     0     0     0     0     0     0     0     0     0     0     0     0     0     0     0     0     0     0     0     0     0     0     0     0     0     0     0     0     0     0     0     0     0     0
     0     0     0     0     0     0     0     0     0     0     0     0     0     0     0     0     0     0     0     0     0     0     0     0     0     0     0     0     0     0     0     0     0     0     0     0     0     0     0     0     0     0     0     0     0     0     0     0     0     0     0
     0     0     0     0     0     0     0     0     0     0     0     0     0     0     0     0     0     0     0     0     0     0     0     0     0     0     0     0     0     0     0     0     0     0     0     0     0     0     0     0     0     0     0     0     0     0     0     0     0     0     0
     0     0     0     0     0     0     0     0     0     0     0     0     0     0     0     0     0     0     0     0     0     0     0     0     0     0     0     0     0     0     0     0     0     0     0     0     0     0     0     0     0     0     0     0     0     0     0     0     0     0     0
     0     0     0     0     0     0     0     0     0     0     0     0     0     0     0     0     0     0     0     0     0     0     0     0     0     0     0     0     0     0     0     0     0     0     0     0     0     0     0     0     0     0     0     0     0     0     0     0     0     0     0
     0     0     0     0     0     0     0     0     0     0     0     0     0     0     0     0     0     0     0     0     0     0     0     0     0     0     0     0     0     0     0     0     0     0     0     0     0     0     0     0     0     0     0     0     0     0     0     0     0     0     0
  4684 54548 30807 78849  5784  2311 88453 90507 78130 61627 56734 97603 49513 52265 85183  8824 17918 12493 13972 98054 18107 87949 67108 42206 98621 17253 38450 15797 59416 51431 26691 64100 22330 73850 42948 28113 76160 47752 18619 54290  9378 91705 68244 75242 60321 53426 84066 94591 82270 14389 92644
     0     0     0     0     0     0     0     0     0     0     0     0     0     0     0     0     0     0     0     0     0     0     0     0     0     0     0     0     0     0     0     0     0     0     0     0     0     0     0     0     0     0     0     0     0     0     0     0     0     0     0
     0     0     0     0     0     0     0     0     0     0     0     0     0     0     0     0     0     0     0     0     0     0     0     0     0     0     0     0     0     0     0     0     0     0     0     0     0     0     0     0     0     0     0     0     0     0     0     0     0     0     0
     0     0     0     0     0     0     0     0     0     0     0     0     0     0     0     0     0     0     0     0     0     0     0     0     0     0     0     0     0     0     0     0     0     0     0     0     0     0     0     0     0     0     0     0     0     0     0     0     0     0     0
     0     0     0     0     0     0     0     0     0     0     0     0     0     0     0     0     0     0     0     0     0     0     0     0     0     0     0     0     0     0     0     0     0     0     0     0     0     0     0     0     0     0     0     0     0     0     0     0     0     0     0
     0     0     0     0     0     0     0     0     0     0     0     0     0     0     0     0     0     0     0     0     0     0     0     0     0     0     0     0     0     0     0     0     0     0     0     0     0     0     0     0     0     0     0     0     0     0     0     0     0     0     0
     0     0     0     0     0     0     0     0     0     0     0     0     0     0     0     0     0     0     0     0     0     0     0     0     0     0     0     0     0     0     0     0     0     0     0     0     0     0     0     0     0     0     0     0     0     0     0     0     0     0     0
     0     0     0     0     0     0     0     0     0     0     0     0     0     0     0     0     0     0     0     0     0     0     0     0     0     0     0     0     0     0     0     0     0     0     0     0     0     0     0     0     0     0     0     0     0     0     0     0     0     0     0
     0     0     0     0     0     0     0     0     0     0     0     0     0     0     0     0     0     0     0     0     0     0     0     0     0     0     0     0     0     0     0     0     0     0     0     0     0     0     0     0     0     0     0     0     0     0     0     0     0     0     0
     0     0     0     0     0     0     0     0     0     0     0     0     0     0     0     0     0     0     0     0     0     0     0     0     0     0     0     0     0     0     0     0     0     0     0     0     0     0     0     0     0     0     0     0     0     0     0     0     0     0     0
     0     0     0     0     0     0     0     0     0     0     0     0     0     0     0     0     0     0     0     0     0     0     0     0     0     0     0     0     0     0     0     0     0     0     0     0     0     0     0     0     0     0     0     0     0     0     0     0     0     0     0
     0     0     0     0     0     0     0     0     0     0     0     0     0     0     0     0     0     0     0     0     0     0     0     0     0     0     0     0     0     0     0     0     0     0     0     0     0     0     0     0     0     0     0     0     0     0     0     0     0     0     0
     0     0     0     0     0     0     0     0     0     0     0     0     0     0     0     0     0     0     0     0     0     0     0     0     0     0     0     0     0     0     0     0     0     0     0     0     0     0     0     0     0     0     0     0     0     0     0     0     0     0     0
   376  2337 76103 42581 17310 93356 97382 33106 52771 65164 59796 33222 87493 49997 76169 31957 26157 40272 66928 80446 66002 74984 65041 41243 35304 34818 41660 46246 17087 56048 55242 17462 58385 31344 76394 92046 41051 90127 25151 93822 55290  1298 43395 59134 51295 19564  7442 77451 76187 74369 74248
     0     0     0     0     0     0     0     0     0     0     0     0 86487     0     0     0     0     0     0     0     0     0     0     0     0 57051     0     0     0     0     0     0     0     0     0     0     0     0 43956     0     0     0     0     0     0     0     0     0     0     0     0
     0     0     0     0     0     0     0     0     0     0     0     0 23447     0     0     0     0     0     0     0     0     0     0     0     0 96461     0     0     0     0     0     0     0     0     0     0     0     0 42741     0     0     0     0     0     0     0     0     0     0     0     0
     0     0     0     0     0     0     0     0     0     0     0     0 17178     0     0     0     0     0     0     0     0     0     0     0     0 87478     0     0     0     0     0     0     0     0     0     0     0     0 13043     0     0     0     0     0     0     0     0     0     0     0     0
     0     0     0     0     0     0     0     0     0     0     0     0 25756     0     0     0     0     0     0     0     0     0     0     0     0 31152     0     0     0     0     0     0     0     0     0     0     0     0 73331     0     0     0     0     0     0     0     0     0     0     0     0
     0     0     0     0     0     0     0     0     0     0     0     0 68237     0     0     0     0     0     0     0     0     0     0     0     0 93930     0     0     0     0     0     0     0     0     0     0     0     0 44590     0     0     0     0     0     0     0     0     0     0     0     0
     0     0     0     0     0     0     0     0     0     0     0     0 12001     0     0     0     0     0     0     0     0     0     0     0     0 73779     0     0     0     0     0     0     0     0     0     0     0     0  8050     0     0     0     0     0     0     0     0     0     0     0     0
     0     0     0     0     0     0     0     0     0     0     0     0 90034     0     0     0     0     0     0     0     0     0     0     0     0 68981     0     0     0     0     0     0     0     0     0     0     0     0 86317     0     0     0     0     0     0     0     0     0     0     0     0
     0     0     0     0     0     0     0     0     0     0     0     0 61478     0     0     0     0     0     0     0     0     0     0     0     0 16974     0     0     0     0     0     0     0     0     0     0     0     0 15826     0     0     0     0     0     0     0     0     0     0     0     0
     0     0     0     0     0     0     0     0     0     0     0     0 13448     0     0     0     0     0     0     0     0     0     0     0     0 13024     0     0     0     0     0     0     0     0     0     0     0     0 73006     0     0     0     0     0     0     0     0     0     0     0     0
     0     0     0     0     0     0     0     0     0     0     0     0 54794     0     0     0     0     0     0     0     0     0     0     0     0 85498     0     0     0     0     0     0     0     0     0     0     0     0 32782     0     0     0     0     0     0     0     0     0     0     0     0
     0     0     0     0     0     0     0     0     0     0     0     0 78403     0     0     0     0     0     0     0     0     0     0     0     0 95008     0     0     0     0     0     0     0     0     0     0     0     0 56063     0     0     0     0     0     0     0     0     0     0     0     0
     0     0     0     0     0     0     0     0     0     0     0     0 58898     0     0     0     0     0     0     0     0     0     0     0     0 12986     0     0     0     0     0     0     0     0     0     0     0     0  7987     0     0     0     0     0     0     0     0     0     0     0     0
